29 64
148 951 182 35 916 349 425 263 705 760 411 459 564 123 269 847 136 547 883 179 247 530 295 391 908 392 580 564 49 142 695 134 137 999 885 947 234 323 248 87 648 651 773 171 650 605 317 398 746 620 726 576 113 585 8 464 829 925 407 945 123 789 583 625 
951 348 337 900 867 45 508 204 332 628 698 184 996 615 80 452 826 467 911 103 90 741 643 448 217 610 938 756 779 704 458 684 546 278 279 933 75 746 947 370 380 605 94 120 737 439 463 197 577 249 544 971 100 280 52 288 219 340 898 286 82 109 278 161 
182 337 221 964 62 960 667 422 484 428 508 917 200 579 489 995 526 735 22 692 219 767 332 505 499 82 20 377 210 932 847 607 947 385 248 469 17 883 213 589 451 32 685 612 682 765 162 258 848 68 558 269 503 484 434 371 557 465 687 945 429 155 394 634 
35 900 964 365 592 960 27 661 13 897 904 528 458 625 846 51 954 604 251 61 998 517 22 424 178 80 159 263 6 365 495 34 152 946 430 330 576 740 947 969 123 853 281 112 748 760 331 313 22 301 893 768 187 850 587 557 9 121 577 805 966 283 564 43 
916 867 62 592 965 616 500 946 313 416 320 756 340 967 484 713 764 151 920 412 205 513 45 990 194 316 386 948 196 145 853 974 988 185 64 785 826 750 574 222 70 258 211 303 744 556 465 837 686 114 615 953 275 174 183 200 734 246 452 368 569 240 305 122 
349 45 960 960 616 821 540 195 79 779 478 182 539 242 751 427 650 133 805 758 278 390 631 70 210 579 988 148 551 768 141 536 324 830 731 601 344 423 479 680 621 220 627 385 945 638 674 575 849 842 694 475 880 243 387 770 654 269 556 118 669 478 755 220 
425 508 667 27 500 540 747 934 579 900 838 517 990 143 390 852 612 442 887 134 204 581 433 467 666 640 851 16 481 170 907 161 730 111 216 565 170 20 133 946 180 299 369 912 568 683 594 976 360 411 83 608 356 775 36 939 663 302 589 806 229 440 964 484 
263 204 422 661 946 195 934 388 457 466 420 919 51 739 442 546 762 477 18 181 80 503 692 992 64 595 539 783 38 341 955 528 362 558 562 319 244 441 514 126 873 386 58 106 348 357 747 916 878 596 499 228 52 57 81 886 364 853 85 402 207 908 689 352 
705 332 484 13 313 79 579 457 419 241 843 543 631 243 507 252 54 868 200 342 485 121 464 298 200 242 633 106 797 590 320 338 590 472 277 329 898 800 842 790 743 675 988 157 235 265 421 649 351 313 29 290 439 383 952 620 114 735 155 889 18 119 747 703 
760 628 428 897 416 779 900 466 241 319 383 873 591 916 796 463 301 667 217 217 742 674 632 952 915 204 777 978 891 570 375 481 59 428 498 763 777 234 567 380 630 283 213 535 753 43 747 917 5 656 457 951 695 528 892 183 913 930 622 593 660 431 932 359 
411 698 508 904 320 478 838 420 843 383 746 582 878 705 572 725 827 518 856 38 144 884 162 565 613 65 365 620 205 767 403 274 78 317 626 456 428 138 432 126 95 89 67 289 292 943 464 319 57 990 290 354 703 423 125 585 322 565 60 951 507 814 429 992 
459 184 917 528 756 182 517 919 543 873 582 366 95 892 234 973 776 405 573 367 649 764 358 932 983 350 388 741 710 653 718 20 978 368 445 707 734 665 886 343 560 611 627 685 512 943 261 451 636 821 714 425 197 207 269 496 294 145 107 130 406 333 943 542 
564 996 200 458 340 539 990 51 631 591 878 95 237 175 294 670 758 316 19 560 224 198 437 121 338 341 335 644 465 983 428 250 753 183 748 619 616 29 169 305 148 617 525 180 229 465 94 30 35 665 459 759 856 463 394 851 799 969 306 439 709 602 219 309 
123 615 579 625 967 242 143 739 243 916 705 892 175 771 242 384 874 838 630 862 171 469 192 35 544 708 8 33 554 705 402 461 536 295 981 987 834 747 109 565 846 266 580 754 893 849 178 618 552 868 451 814 431 597 185 909 483 87 644 835 617 995 839 93 
269 80 489 846 484 751 390 442 507 796 572 234 294 242 535 917 402 393 892 656 10 991 429 498 496 542 139 572 958 466 953 150 447 282 949 501 626 210 290 854 963 767 563 295 214 682 635 748 738 376 822 378 579 63 422 192 276 823 992 93 544 260 663 146 
847 452 995 51 713 427 852 546 252 463 725 973 670 384 917 576 923 855 467 994 523 889 994 845 165 137 151 901 235 738 587 217 775 297 672 165 739 371 931 104 636 407 538 175 739 505 6 499 92 494 964 552 491 561 468 953 370 657 208 364 460 821 109 947 
136 826 526 954 764 650 612 762 54 301 827 776 758 874 402 923 988 597 8 524 640 437 264 905 29 95 730 35 357 952 722 564 291 196 884 414 72 346 749 107 341 204 958 362 905 162 364 971 406 610 712 514 752 115 602 986 738 623 649 973 593 172 443 841 
547 467 735 604 151 133 442 477 868 667 518 405 316 838 393 855 597 352 377 24 612 87 404 113 29 453 52 326 944 445 335 462 751 423 241 989 414 577 142 285 579 52 761 480 894 74 463 184 313 542 892 711 389 646 66 283 387 641 575 289 467 159 858 747 
883 911 22 251 920 805 887 18 200 217 856 573 19 630 892 467 8 377 607 638 364 478 77 641 564 514 425 890 663 439 749 422 841 404 321 755 217 665 55 550 609 396 425 781 410 525 423 799 183 865 492 270 293 157 866 381 775 662 893 609 422 412 522 139 
179 103 692 61 412 758 134 181 342 217 38 367 560 862 656 994 524 24 638 857 52 535 137 834 665 427 277 331 354 790 774 24 59 41 765 899 609 288 761 54 596 444 291 22 433 353 235 96 152 966 343 480 770 829 362 208 821 992 748 910 725 355 236 84 
247 90 219 998 205 278 204 80 485 742 144 649 224 171 10 523 640 612 364 52 567 545 415 990 946 741 214 725 182 151 848 740 549 299 751 716 401 608 296 402 728 34 866 777 216 329 575 201 282 454 700 487 810 859 639 268 76 660 293 630 467 626 433 832 
530 741 767 517 513 390 581 503 121 674 884 764 198 469 991 889 437 87 478 535 545 808 344 865 605 902 465 516 190 586 39 726 426 579 820 47 157 8 521 975 827 826 926 261 62 700 427 243 68 376 866 520 788 101 177 906 421 936 399 612 987 882 149 819 
295 643 332 22 45 631 433 692 464 632 162 358 437 192 429 994 264 404 77 137 415 344 14 79 415 646 157 157 546 470 94 416 682 33 449 452 383 96 67 677 943 557 558 927 356 35 560 22 320 932 650 282 388 48 454 820 713 97 578 806 932 95 505 551 
391 448 505 424 990 70 467 992 298 952 565 932 121 35 498 845 905 113 641 834 990 865 79 706 208 978 785 390 938 255 822 260 331 502 213 872 106 89 456 124 819 651 699 1 726 716 206 180 242 392 357 173 641 249 273 761 130 622 80 931 562 270 128 678 
908 217 499 178 194 210 666 64 200 915 613 983 338 544 496 165 29 29 564 665 946 605 415 208 881 556 232 549 220 471 537 491 816 997 729 969 553 363 431 348 58 607 129 503 78 138 273 677 336 999 431 768 16 554 960 459 193 556 637 294 52 520 274 432 
392 610 82 80 316 579 640 595 242 204 65 350 341 708 542 137 95 453 514 427 741 902 646 978 556 201 192 513 193 999 812 153 1000 475 702 738 673 933 564 367 135 441 315 863 114 784 941 286 116 418 692 15 937 723 639 170 91 652 531 135 350 21 981 679 
580 938 20 159 386 988 851 539 633 777 365 388 335 8 139 151 730 52 425 277 214 465 157 785 232 192 509 473 624 776 217 247 782 924 525 639 676 669 778 87 39 502 567 610 836 264 671 817 329 430 879 280 73 688 173 907 446 938 815 492 313 98 928 48 
564 756 377 263 948 148 16 783 106 978 620 741 644 33 572 901 35 326 890 331 725 516 157 390 549 513 473 428 474 917 66 444 671 4 603 203 652 118 254 599 751 158 680 624 19 568 936 937 346 142 124 473 303 971 329 323 986 680 849 787 505 947 61 564 
49 779 210 6 196 551 481 38 797 891 205 710 465 554 958 235 357 944 663 354 182 190 546 938 220 193 624 474 996 111 822 587 193 723 777 810 704 68 300 38 372 779 517 365 988 736 261 907 456 708 54 748 526 913 864 406 125 6 747 543 219 680 825 691 
142 704 932 365 145 768 170 341 590 570 767 653 983 705 466 738 952 445 439 790 151 586 470 255 471 999 776 917 111 358 81 747 615 280 482 885 723 687 433 43 153 370 62 825 15 367 702 834 408 151 164 830 175 456 367 280 474 159 856 203 860 413 938 660 
695 458 847 495 853 141 907 955 320 375 403 718 428 402 953 587 722 335 749 774 848 39 94 822 537 812 217 66 822 81 207 886 494 618 980 920 190 580 51 170 913 683 373 240 138 626 273 399 875 41 276 712 649 869 258 95 315 638 171 785 702 657 569 729 
134 684 607 34 974 536 161 528 338 481 274 20 250 461 150 217 564 462 422 24 740 726 416 260 491 153 247 444 587 747 886 841 956 991 794 881 388 640 191 217 896 525 327 327 764 954 224 17 691 104 745 371 134 898 217 393 888 718 938 843 176 405 276 297 
137 546 947 152 988 324 730 362 590 59 78 978 753 536 447 775 291 751 841 59 549 426 682 331 816 1000 782 671 193 615 494 956 423 541 843 11 411 187 337 986 898 691 697 450 63 902 265 605 110 910 16 691 462 505 240 643 664 864 757 558 87 60 810 989 
999 278 385 946 185 830 111 558 472 428 317 368 183 295 282 297 196 423 404 41 299 579 33 502 997 475 924 4 723 280 618 991 541 72 212 14 145 217 333 817 373 937 226 701 878 534 255 355 188 544 364 140 70 32 594 846 511 783 695 689 569 951 114 236 
885 279 248 430 64 731 216 562 277 498 626 445 748 981 949 672 884 241 321 765 751 820 449 213 729 702 525 603 777 482 980 794 843 212 408 307 559 21 290 557 276 254 616 700 804 150 942 442 291 58 121 203 392 730 140 606 165 228 800 640 737 523 247 693 
947 933 469 330 785 601 565 319 329 763 456 707 619 987 501 165 414 989 755 899 716 47 452 872 969 738 639 203 810 885 920 881 11 14 307 934 172 209 308 323 875 517 501 591 886 936 693 684 89 878 568 997 270 525 158 766 380 305 121 630 24 79 6 246 
234 75 17 576 826 344 170 244 898 777 428 734 616 834 626 739 72 414 217 609 401 157 383 106 553 673 676 652 704 723 190 388 411 145 559 172 338 673 610 832 504 98 113 993 144 373 192 661 238 839 232 637 806 136 454 967 788 476 469 200 992 22 988 787 
323 746 883 740 750 423 20 441 800 234 138 665 29 747 210 371 346 577 665 288 608 8 96 89 363 933 669 118 68 687 580 640 187 217 21 209 673 605 98 113 614 440 636 976 610 365 625 918 634 343 363 306 282 119 394 491 730 543 194 40 906 523 575 113 
248 947 213 947 574 479 133 514 842 567 432 886 169 109 290 931 749 142 55 761 296 521 67 456 431 564 778 254 300 433 51 191 337 333 290 308 610 98 471 94 698 864 365 620 526 182 296 239 425 687 27 874 1 115 233 557 882 114 243 71 791 254 234 944 
87 370 589 969 222 680 946 126 790 380 126 343 305 565 854 104 107 285 550 54 402 975 677 124 348 367 87 599 38 43 170 217 986 817 557 323 832 113 94 958 344 26 42 989 159 826 497 130 838 186 208 314 470 19 386 916 910 612 544 556 719 462 128 494 
648 380 451 123 70 621 180 873 743 630 95 560 148 846 963 636 341 579 609 596 728 827 943 819 58 135 39 751 372 153 913 896 898 373 276 875 504 614 698 344 421 754 141 192 862 111 811 592 296 341 195 188 911 438 821 676 668 201 317 575 390 230 814 918 
651 605 32 853 258 220 299 386 675 283 89 611 617 266 767 407 204 52 396 444 34 826 557 651 607 441 502 158 779 370 683 525 691 937 254 517 98 440 864 26 754 173 562 368 813 554 53 848 672 407 800 124 24 229 131 133 537 734 655 927 466 508 127 599 
773 94 685 281 211 627 369 58 988 213 67 627 525 580 563 538 958 761 425 291 866 926 558 699 129 315 567 680 517 62 373 327 697 226 616 501 113 636 365 42 141 562 877 533 57 362 261 177 852 677 981 373 499 701 908 187 941 276 671 867 538 69 645 302 
171 120 612 112 303 385 912 106 157 535 289 685 180 754 295 175 362 480 781 22 777 261 927 1 503 863 610 624 365 825 240 327 450 701 700 591 993 976 620 989 192 368 533 967 134 957 902 761 6 425 837 264 615 154 790 446 758 788 527 483 641 845 143 751 
650 737 682 748 744 945 568 348 235 753 292 512 229 893 214 739 905 894 410 433 216 62 356 726 78 114 836 19 988 15 138 764 63 878 804 886 144 610 526 159 862 813 57 134 921 115 9 163 767 796 605 479 687 655 341 490 735 917 135 730 882 796 929 129 
605 439 765 760 556 638 683 357 265 43 943 943 465 849 682 505 162 74 525 353 329 700 35 716 138 784 264 568 736 367 626 954 902 534 150 936 373 365 182 826 111 554 362 957 115 354 37 801 307 914 517 937 492 557 502 733 280 376 981 21 237 815 980 465 
317 463 162 331 465 674 594 747 421 747 464 261 94 178 635 6 364 463 423 235 575 427 560 206 273 941 671 936 261 702 273 224 265 255 942 693 192 625 296 497 811 53 261 902 9 37 278 805 277 265 77 25 254 205 529 421 752 863 505 103 603 575 940 899 
398 197 258 313 837 575 976 916 649 917 319 451 30 618 748 499 971 184 799 96 201 243 22 180 677 286 817 937 907 834 399 17 605 355 442 684 661 918 239 130 592 848 177 761 163 801 805 705 862 275 77 114 641 884 619 612 9 691 664 667 688 16 398 428 
746 577 848 22 686 849 360 878 351 5 57 636 35 552 738 92 406 313 183 152 282 68 320 242 336 116 329 346 456 408 875 691 110 188 291 89 238 634 425 838 296 672 852 6 767 307 277 862 143 746 359 985 938 700 908 522 253 538 404 675 188 238 262 239 
620 249 68 301 114 842 411 596 313 656 990 821 665 868 376 494 610 542 865 966 454 376 932 392 999 418 430 142 708 151 41 104 910 544 58 878 839 343 687 186 341 407 677 425 796 914 265 275 746 923 15 636 689 595 1000 306 400 740 767 495 725 650 803 687 
726 544 558 893 615 694 83 499 29 457 290 714 459 451 822 964 712 892 492 343 700 866 650 357 431 692 879 124 54 164 276 745 16 364 121 568 232 363 27 208 195 800 981 837 605 517 77 77 359 15 480 160 383 859 84 931 404 629 994 69 498 882 618 986 
576 971 269 768 953 475 608 228 290 951 354 425 759 814 378 552 514 711 270 480 487 520 282 173 768 15 280 473 748 830 712 371 691 140 203 997 637 306 874 314 188 124 373 264 479 937 25 114 985 636 160 169 459 383 868 959 39 425 267 766 225 918 638 217 
113 100 503 187 275 880 356 52 439 695 703 197 856 431 579 491 752 389 293 770 810 788 388 641 16 937 73 303 526 175 649 134 462 70 392 270 806 282 1 470 911 24 499 615 687 492 254 641 938 689 383 459 828 510 989 550 713 782 883 850 244 428 170 817 
585 280 484 850 174 243 775 57 383 528 423 207 463 597 63 561 115 646 157 829 859 101 48 249 554 723 688 971 913 456 869 898 505 32 730 525 136 119 115 19 438 229 701 154 655 557 205 884 700 595 859 383 510 69 978 41 317 918 440 234 427 303 304 574 
8 52 434 587 183 387 36 81 952 892 125 269 394 185 422 468 602 66 866 362 639 177 454 273 960 639 173 329 864 367 258 217 240 594 140 158 454 394 233 386 821 131 908 790 341 502 529 619 908 1000 84 868 989 978 940 11 837 330 432 4 556 183 50 579 
464 288 371 557 200 770 939 886 620 183 585 496 851 909 192 953 986 283 381 208 268 906 820 761 459 170 907 323 406 280 95 393 643 846 606 766 967 491 557 916 676 133 187 446 490 733 421 612 522 306 931 959 550 41 11 622 162 340 180 656 712 873 366 591 
829 219 557 9 734 654 663 364 114 913 322 294 799 483 276 370 738 387 775 821 76 421 713 130 193 91 446 986 125 474 315 888 664 511 165 380 788 730 882 910 668 537 941 758 735 280 752 9 253 400 404 39 713 317 837 162 688 400 244 859 877 474 535 383 
925 340 465 121 246 269 302 853 735 930 565 145 969 87 823 657 623 641 662 992 660 936 97 622 556 652 938 680 6 159 638 718 864 783 228 305 476 543 114 612 201 734 276 788 917 376 863 691 538 740 629 425 782 918 330 340 400 6 214 58 392 968 354 193 
407 898 687 577 452 556 589 85 155 622 60 107 306 644 992 208 649 575 893 748 293 399 578 80 637 531 815 849 747 856 171 938 757 695 800 121 469 194 243 544 317 655 671 527 135 981 505 664 404 767 994 267 883 440 432 180 244 214 238 259 860 224 564 791 
945 286 945 805 368 118 806 402 889 593 951 130 439 835 93 364 973 289 609 910 630 612 806 931 294 135 492 787 543 203 785 843 558 689 640 630 200 40 71 556 575 927 867 483 730 21 103 667 675 495 69 766 850 234 4 656 859 58 259 187 287 871 987 313 
123 82 429 966 569 669 229 207 18 660 507 406 709 617 544 460 593 467 422 725 467 987 932 562 52 350 313 505 219 860 702 176 87 569 737 24 992 906 791 719 390 466 538 641 882 237 603 688 188 725 498 225 244 427 556 712 877 392 860 287 838 654 29 908 
789 109 155 283 240 478 440 908 119 431 814 333 602 995 260 821 172 159 412 355 626 882 95 270 520 21 98 947 680 413 657 405 60 951 523 79 22 523 254 462 230 508 69 845 796 815 575 16 238 650 882 918 428 303 183 873 474 968 224 871 654 613 650 238 
583 278 394 564 305 755 964 689 747 932 429 943 219 839 663 109 443 858 522 236 433 149 505 128 274 981 928 61 825 938 569 276 810 114 247 6 988 575 234 128 814 127 645 143 929 980 940 398 262 803 618 638 170 304 50 366 535 354 564 987 29 650 106 109 
625 161 634 43 122 220 484 352 703 359 992 542 309 93 146 947 841 747 139 84 832 819 551 678 432 679 48 564 691 660 729 297 989 236 693 246 787 113 944 494 918 599 302 751 129 465 899 428 239 687 986 217 817 574 579 591 383 193 791 313 908 238 109 758 
