755 34
885 249 17 318 27 726 22 328 284 283 271 380 402 237 663 723 592 100 535 471 903 88 943 942 497 320 882 902 390 134 641 917 472 143 
249 892 35 49 231 104 274 189 725 683 227 766 622 358 13 632 863 231 669 707 488 925 281 368 409 756 185 292 211 630 693 938 175 535 
17 35 736 388 697 967 1 863 611 88 498 727 745 704 338 772 483 40 739 925 415 333 58 361 503 480 92 493 229 448 595 181 803 733 
318 49 388 665 753 330 349 944 459 92 46 571 769 822 362 38 538 238 44 241 816 85 185 856 66 997 51 319 860 759 1000 102 494 158 
27 231 697 753 246 937 799 179 72 411 555 872 830 535 183 778 226 757 478 141 865 699 769 220 954 407 583 250 377 931 216 553 656 483 
726 104 967 330 937 760 99 373 116 517 259 823 161 816 682 171 704 354 739 84 124 482 318 205 387 884 14 289 180 374 299 693 286 585 
22 274 1 349 799 99 337 91 517 402 236 643 952 340 145 1 171 393 528 973 193 945 711 835 608 405 168 316 950 591 706 842 284 790 
328 189 863 944 179 373 91 46 261 501 520 113 875 175 40 783 745 843 382 651 482 259 823 195 541 764 720 105 251 645 667 71 763 183 
284 725 611 459 72 116 517 261 482 902 879 587 893 47 539 575 209 864 961 481 965 14 633 797 167 976 366 833 931 796 495 531 879 752 
283 683 88 92 411 517 402 501 902 254 359 829 364 941 525 14 752 332 977 21 418 867 720 209 515 782 181 961 273 55 240 261 576 260 
271 227 498 46 555 259 236 520 879 359 881 272 485 344 30 877 147 150 362 212 185 107 893 158 598 46 504 787 309 973 115 220 88 320 
380 766 727 571 872 823 643 113 587 829 272 248 515 612 858 881 945 272 366 362 627 599 21 158 797 116 774 505 773 265 73 466 602 378 
402 622 745 769 830 161 952 875 893 364 485 515 193 639 364 605 602 916 204 907 850 52 138 20 319 980 153 371 89 370 886 907 871 501 
237 358 704 822 535 816 340 175 47 941 344 612 639 806 736 894 409 592 265 551 734 987 131 32 619 242 795 198 684 124 636 5 586 883 
663 13 338 362 183 682 145 40 539 525 30 858 364 736 912 871 925 286 860 213 844 746 442 894 47 123 889 427 898 713 779 564 329 37 
723 632 772 38 778 171 1 783 575 14 877 881 605 894 871 137 746 290 2 225 962 296 508 698 860 655 30 234 449 75 975 278 537 492 
592 863 483 538 226 704 171 745 209 752 147 945 602 409 925 746 332 344 905 615 49 315 460 468 813 490 96 437 78 409 860 873 616 80 
100 231 40 238 757 354 393 843 864 332 150 272 916 592 286 290 344 741 939 136 268 349 720 384 338 909 448 783 138 732 495 918 983 175 
535 669 739 44 478 739 528 382 961 977 362 366 204 265 860 2 905 939 661 446 309 533 145 479 168 688 864 486 450 666 679 269 301 398 
471 707 925 241 141 84 973 651 481 21 212 362 907 551 213 225 615 136 446 220 346 984 330 117 860 181 689 189 581 735 616 160 98 365 
903 488 415 816 865 124 193 482 965 418 185 627 850 734 844 962 49 268 309 346 377 19 861 422 980 894 822 551 967 80 132 55 121 777 
88 925 333 85 699 482 945 259 14 867 107 599 52 987 746 296 315 349 533 984 19 687 804 584 886 826 878 727 594 752 144 365 199 460 
943 281 58 185 769 318 711 823 633 720 893 21 138 131 442 508 460 720 145 330 861 804 70 814 167 276 749 141 375 530 657 631 894 5 
942 368 361 856 220 205 835 195 797 209 158 158 20 32 894 698 468 384 479 117 422 584 814 598 712 596 496 960 995 982 93 5 995 691 
497 409 503 66 954 387 608 541 167 515 598 797 319 619 47 860 813 338 168 860 980 886 167 712 532 786 818 919 482 769 456 26 359 10 
320 756 480 997 407 884 405 764 976 782 46 116 980 242 123 655 490 909 688 181 894 826 276 596 786 902 367 1000 418 99 9 895 616 433 
882 185 92 51 583 14 168 720 366 181 504 774 153 795 889 30 96 448 864 689 822 878 749 496 818 367 238 875 875 435 75 96 666 249 
902 292 493 319 250 289 316 105 833 961 787 505 371 198 427 234 437 783 486 189 551 727 141 960 919 1000 875 220 883 325 781 937 364 164 
390 211 229 860 377 180 950 251 931 273 309 773 89 684 898 449 78 138 450 581 967 594 375 995 482 418 875 883 43 922 718 106 245 540 
134 630 448 759 931 374 591 645 796 55 973 265 370 124 713 75 409 732 666 735 80 752 530 982 769 99 435 325 922 891 882 363 434 366 
641 693 595 1000 216 299 706 667 495 240 115 73 886 636 779 975 860 495 679 616 132 144 657 93 456 9 75 781 718 882 959 319 870 259 
917 938 181 102 553 693 842 71 531 261 220 466 907 5 564 278 873 918 269 160 55 365 631 5 26 895 96 937 106 363 319 521 799 371 
472 175 803 494 656 286 284 763 879 576 88 602 871 586 329 537 616 983 301 98 121 199 894 995 359 616 666 364 245 434 870 799 101 867 
143 535 733 158 483 585 790 183 752 260 320 378 501 883 37 492 80 175 398 365 777 460 5 691 10 433 249 164 540 366 259 371 867 337 
