346 83
268 564 859 27 467 356 712 443 118 948 137 589 155 510 571 993 405 143 79 620 169 28 583 915 835 633 215 649 468 384 606 200 927 950 168 410 428 64 834 421 402 614 96 817 521 858 901 108 358 331 421 595 252 147 704 354 357 354 465 822 716 158 620 58 623 874 294 183 477 827 980 482 857 661 859 235 143 259 23 197 901 486 577 
564 54 333 361 229 784 972 852 218 195 294 526 191 452 535 699 229 427 227 924 708 257 231 782 457 958 209 379 295 893 230 981 874 756 265 822 745 834 631 881 224 464 473 212 948 477 573 774 478 921 43 101 820 659 747 92 184 420 605 804 448 281 381 652 406 113 706 663 946 317 247 336 392 372 211 997 380 15 838 808 141 306 51 
859 333 188 385 782 93 793 244 343 266 804 801 261 882 592 345 21 782 318 20 120 906 372 943 312 495 131 932 392 122 576 297 841 27 944 370 38 408 405 505 336 319 796 945 164 229 226 371 134 286 857 666 166 332 837 378 854 201 682 817 533 932 778 754 633 952 223 545 341 995 660 25 74 331 137 79 867 576 381 115 829 118 314 
27 361 385 637 219 152 572 46 84 264 680 104 761 14 60 799 595 336 799 497 237 212 898 372 624 528 210 62 757 923 151 571 42 909 19 713 92 564 711 639 336 632 685 407 628 936 373 659 909 241 139 549 6 9 360 390 636 395 833 21 560 809 753 787 583 605 746 769 145 644 921 82 278 716 268 17 683 37 844 126 542 839 627 
467 229 782 219 638 707 10 60 83 543 841 723 186 161 50 50 357 15 864 304 421 443 327 543 627 719 233 405 638 624 414 559 454 566 557 598 684 493 359 340 830 79 877 334 177 935 37 890 756 549 847 170 443 64 917 706 482 470 216 328 796 529 565 469 459 13 852 364 695 577 888 123 864 69 613 253 300 197 90 253 311 107 908 
356 784 93 152 707 700 585 799 10 879 639 715 351 880 574 786 103 509 367 289 11 829 371 77 856 48 287 788 546 983 255 253 824 258 907 506 750 926 362 727 81 287 507 719 847 85 534 994 738 762 954 445 100 189 115 98 812 375 761 791 242 181 172 548 858 899 277 450 827 902 907 368 977 458 656 29 179 150 939 760 35 844 352 
712 972 793 572 10 585 18 734 474 523 56 527 141 651 617 766 741 844 315 995 957 624 721 466 592 348 483 645 329 542 897 944 166 636 973 731 28 781 416 175 862 667 499 746 454 759 525 294 539 669 336 50 555 755 858 157 13 950 683 921 637 279 739 867 576 977 245 880 656 839 759 499 797 134 392 597 120 96 567 461 433 900 921 
443 852 244 46 60 799 734 745 300 405 269 28 855 102 272 253 714 923 973 708 249 21 17 995 677 849 574 881 272 192 231 794 747 557 773 998 79 711 292 307 700 579 630 215 240 297 144 883 1 444 271 161 629 29 880 985 152 381 620 661 747 740 493 421 463 552 741 185 921 63 708 612 849 3 200 328 770 687 966 427 370 289 411 
118 218 343 84 83 10 474 300 441 310 790 27 95 490 608 437 216 818 404 98 522 248 275 442 787 112 35 837 359 390 576 446 526 305 199 88 110 512 740 182 604 113 882 399 231 921 113 658 789 981 14 847 618 160 113 81 580 408 808 596 697 804 953 44 27 266 286 364 549 643 729 3 732 172 117 997 408 664 252 336 618 843 24 
948 195 266 264 543 879 523 405 310 51 157 813 857 408 977 229 823 735 173 425 955 829 137 699 576 186 847 181 235 887 658 882 589 579 696 830 475 10 657 782 446 364 954 898 467 193 981 353 757 574 402 499 802 59 39 427 71 164 548 753 116 147 221 84 866 575 22 915 349 850 297 122 634 957 628 353 160 514 642 825 641 374 630 
137 294 804 680 841 639 56 269 790 157 108 984 144 54 277 294 165 120 478 865 736 753 164 659 41 364 777 959 346 279 143 153 879 602 246 889 138 390 957 201 535 192 478 170 40 135 975 648 84 582 481 372 441 646 289 280 183 913 669 500 13 208 322 423 147 855 990 42 906 350 442 49 897 568 753 318 458 355 717 99 301 296 957 
589 526 801 104 723 715 527 28 27 813 984 398 967 969 603 293 455 221 331 89 490 370 445 35 140 495 806 796 99 616 942 334 321 878 899 674 815 984 583 862 819 521 881 197 464 144 662 634 879 922 896 13 648 950 974 909 134 232 135 771 755 207 853 13 708 263 382 74 433 436 456 177 582 374 157 807 325 530 381 859 660 84 783 
155 191 261 761 186 351 141 855 95 857 144 967 93 191 219 537 225 936 722 975 706 782 303 176 999 734 278 584 40 508 803 797 261 739 697 56 49 25 885 616 802 283 926 676 563 429 906 47 831 408 607 40 344 166 435 491 822 91 295 386 144 682 659 875 715 306 852 367 284 340 329 952 430 340 53 588 768 221 309 908 372 316 294 
510 452 882 14 161 880 651 102 490 408 54 969 191 568 449 67 531 72 460 132 703 242 731 142 628 333 900 955 935 185 136 822 869 749 351 752 752 280 597 257 506 128 473 535 977 911 406 824 823 941 339 428 945 412 505 284 903 772 761 111 389 160 395 437 28 213 660 375 729 553 571 544 645 155 226 234 998 793 576 417 432 678 205 
571 535 592 60 50 574 617 272 608 977 277 603 219 449 113 968 383 337 852 598 526 8 530 653 627 25 920 114 601 822 7 880 735 653 959 889 345 241 956 687 847 448 638 830 213 793 715 835 25 579 957 747 395 461 714 521 235 709 525 580 962 747 576 948 170 781 132 946 129 152 371 971 246 367 281 595 338 30 46 975 965 934 229 
993 699 345 799 50 786 766 253 437 229 294 293 537 67 968 198 282 357 947 478 290 475 786 15 219 241 824 33 254 892 921 581 524 703 138 18 393 67 648 475 461 102 562 965 180 220 1 364 15 556 305 457 707 139 510 112 200 322 984 558 385 285 330 807 462 613 58 689 782 438 656 862 836 775 481 816 245 427 629 35 413 415 689 
405 229 21 595 357 103 741 714 216 823 165 455 225 531 383 282 139 701 666 124 425 635 588 320 333 429 463 534 762 9 500 900 888 878 620 283 289 873 430 460 161 64 453 880 52 400 806 170 173 156 815 608 222 300 875 148 1 583 407 304 341 239 109 572 549 393 772 519 534 473 642 264 261 547 816 154 776 781 471 132 155 241 144 
143 427 782 336 15 509 844 923 818 735 120 221 936 72 337 357 701 53 183 437 417 982 953 286 436 303 808 690 815 175 8 221 712 173 723 940 555 744 480 76 437 472 789 686 565 903 174 304 253 609 665 715 397 153 67 647 483 306 725 291 630 44 443 626 536 967 125 936 629 164 876 741 189 721 903 862 195 697 226 814 543 597 769 
79 227 318 799 864 367 315 973 404 173 478 331 722 460 852 947 666 183 73 811 669 167 561 887 615 613 946 867 73 630 210 548 752 511 188 772 904 922 460 567 471 616 444 345 73 263 639 274 405 653 430 595 546 53 328 442 691 399 197 560 395 445 564 891 52 278 992 88 185 988 525 666 195 672 511 882 679 649 334 379 771 883 904 
620 924 20 497 304 289 995 708 98 425 865 89 975 132 598 478 124 437 811 639 456 615 285 760 548 528 447 578 141 351 911 178 921 992 519 240 472 343 643 993 667 790 895 407 409 482 651 556 542 768 906 644 819 649 543 607 246 730 795 273 658 30 953 478 11 467 455 201 174 524 280 225 902 239 882 770 433 567 552 946 964 400 890 
169 708 120 237 421 11 957 249 522 955 736 490 706 703 526 290 425 417 669 456 485 753 489 229 520 572 200 169 993 391 655 777 247 917 875 236 889 537 41 757 285 339 629 276 597 154 436 764 428 857 788 671 309 430 500 961 69 814 78 713 931 37 720 49 612 36 55 689 280 327 641 48 865 822 87 211 478 289 133 948 66 186 113 
28 257 906 212 443 829 624 21 248 829 753 370 782 242 8 475 635 982 167 615 753 872 198 840 215 963 166 281 31 356 748 383 358 21 234 701 739 769 151 223 896 686 559 734 185 413 696 539 162 668 26 302 880 769 425 852 446 858 802 452 404 49 612 360 671 468 974 466 377 128 490 647 123 217 655 564 401 77 655 450 177 989 154 
583 231 372 898 327 371 721 17 275 137 164 445 303 731 530 786 588 953 561 285 489 198 412 580 631 25 102 447 296 861 907 283 979 575 444 885 574 771 319 664 293 50 421 925 837 386 214 810 682 544 452 359 57 841 629 610 369 347 494 721 530 800 853 631 247 102 6 621 951 320 712 578 787 73 901 576 129 359 516 333 901 716 225 
915 782 943 372 543 77 466 995 442 699 659 35 176 142 653 15 320 286 887 760 229 840 580 514 948 632 803 653 501 950 482 571 503 492 561 472 390 645 70 406 781 176 46 386 252 715 789 896 350 740 303 802 209 641 485 488 338 492 618 777 699 911 215 213 173 579 237 442 930 917 351 894 764 888 199 619 287 54 920 311 545 787 63 
835 457 312 624 627 856 592 677 787 576 41 140 999 628 627 219 333 436 615 548 520 215 631 948 58 418 374 805 862 581 898 20 499 693 225 202 174 595 960 994 470 192 101 711 181 952 455 564 421 202 130 457 194 806 282 370 755 170 800 604 368 642 503 180 616 445 539 344 607 473 918 242 641 847 256 848 841 753 857 135 78 305 114 
633 958 495 528 719 48 348 849 112 186 364 495 734 333 25 241 429 303 613 528 572 963 25 632 418 114 264 851 624 769 21 132 10 616 215 588 416 397 157 914 535 900 67 945 883 425 111 295 768 955 49 967 671 923 425 801 859 91 44 468 234 504 756 370 150 899 492 202 503 926 336 733 420 490 596 101 351 867 255 194 801 568 564 
215 209 131 210 233 287 483 574 35 847 777 806 278 900 920 824 463 808 946 447 200 166 102 803 374 264 836 186 573 666 987 134 994 254 610 483 785 939 153 715 245 171 472 994 435 666 241 138 615 884 597 738 423 139 972 717 579 47 448 862 133 4 699 131 546 689 292 905 348 189 829 158 120 427 734 480 381 713 638 469 727 399 366 
649 379 932 62 405 788 645 881 837 181 959 796 584 955 114 33 534 690 867 578 169 281 447 653 805 851 186 218 959 934 607 427 980 390 246 712 427 781 602 26 164 640 503 221 661 192 470 634 20 716 627 905 567 434 150 169 582 335 786 820 863 347 464 889 370 118 228 586 140 826 96 915 875 553 242 881 432 598 758 906 236 588 637 
468 295 392 757 638 546 329 272 359 235 346 99 40 935 601 254 762 815 73 141 993 31 296 501 862 624 573 959 591 821 536 634 873 741 970 857 558 848 263 989 663 811 219 156 401 578 945 817 469 819 696 890 273 784 758 402 482 914 915 608 335 856 539 12 364 604 842 450 916 373 563 820 66 609 69 880 538 265 25 863 426 786 327 
384 893 122 923 624 983 542 192 390 887 279 616 508 185 822 892 9 175 630 351 391 356 861 950 581 769 666 934 821 999 113 904 282 262 461 258 641 696 449 232 485 518 695 841 188 795 359 857 7 874 738 541 575 221 697 284 760 354 483 105 238 256 900 503 947 151 267 539 22 834 991 75 998 729 328 145 416 652 497 321 753 11 147 
606 230 576 151 414 255 897 231 576 658 143 942 803 136 7 921 500 8 210 911 655 748 907 482 898 21 987 607 536 113 344 287 345 118 952 904 791 649 943 580 199 661 101 604 786 218 465 551 577 342 676 796 956 939 575 86 28 608 400 302 422 872 502 195 478 651 76 323 660 486 700 229 470 42 952 281 977 919 276 350 875 153 429 
200 981 297 571 559 253 944 794 446 882 153 334 797 822 880 581 900 221 548 178 777 383 283 571 20 132 134 427 634 904 287 418 713 853 241 350 92 299 942 642 490 309 259 66 478 434 431 673 336 333 341 926 315 153 380 840 274 253 208 732 191 506 466 973 756 124 535 7 955 412 162 454 122 626 772 77 967 227 547 864 583 168 810 
927 874 841 42 454 824 166 747 526 589 879 321 261 869 735 524 888 712 752 921 247 358 979 503 499 10 994 980 873 282 345 713 891 816 399 317 490 596 222 651 310 843 325 837 622 748 82 547 409 693 578 480 425 206 225 650 944 629 825 860 682 828 602 59 180 600 227 231 140 344 459 78 800 360 249 718 497 522 650 988 151 450 305 
950 756 27 909 566 258 636 557 305 579 602 878 739 749 653 703 878 173 511 992 917 21 575 492 693 616 254 390 741 262 118 853 816 716 69 192 974 257 561 903 879 447 269 301 338 730 828 947 621 488 918 516 138 644 408 910 773 417 680 78 162 856 719 703 743 725 517 787 207 649 879 236 507 55 749 863 538 430 843 586 407 523 387 
168 265 944 19 557 907 973 773 199 696 246 899 697 351 959 138 620 723 188 519 875 234 444 561 225 215 610 246 970 461 952 241 399 69 445 320 107 298 294 622 339 629 937 72 332 496 608 515 552 382 446 559 776 23 386 980 957 540 816 285 119 857 367 261 501 976 135 329 631 34 745 188 601 975 843 370 683 193 947 756 110 679 904 
410 822 370 713 598 506 731 998 88 830 889 674 56 752 889 18 283 940 772 240 236 701 885 472 202 588 483 712 857 258 904 350 317 192 320 287 416 458 976 14 937 496 573 19 398 6 92 696 106 699 346 205 898 510 531 308 826 251 92 467 514 330 86 829 272 170 144 859 916 870 525 582 438 587 689 881 811 358 628 197 241 367 982 
428 745 38 92 684 750 28 79 110 475 138 815 49 752 345 393 289 555 904 472 889 739 574 390 174 416 785 427 558 641 791 92 490 974 107 416 680 271 70 382 843 318 667 919 402 240 465 597 710 105 720 546 78 79 701 971 972 718 843 155 839 740 913 487 979 430 767 671 549 871 870 539 354 119 408 621 787 429 776 112 120 684 341 
64 834 408 564 493 926 781 711 512 10 390 984 25 280 241 67 873 744 922 343 537 769 771 645 595 397 939 781 848 696 649 299 596 257 298 458 271 140 6 839 417 279 916 585 728 430 136 905 335 92 186 363 614 285 384 170 686 80 579 10 94 263 423 143 644 246 165 421 108 86 392 519 196 291 458 778 890 655 149 981 681 879 808 
834 631 405 711 359 362 416 292 740 657 957 583 885 597 956 648 430 480 460 643 41 151 319 70 960 157 153 602 263 449 943 942 222 561 294 976 70 6 633 165 619 255 943 318 374 468 329 318 468 882 913 843 856 540 488 330 28 272 381 576 362 258 686 449 817 117 205 280 1000 408 701 356 969 152 898 897 541 723 468 787 60 233 812 
421 881 505 639 340 727 175 307 182 782 201 862 616 257 687 475 460 76 567 993 757 223 664 406 994 914 715 26 989 232 580 642 651 903 622 14 382 839 165 53 746 887 208 817 505 450 381 877 635 768 235 624 871 616 667 68 351 491 309 433 821 331 119 1000 66 553 43 528 11 4 294 183 385 329 566 228 91 652 619 750 988 237 483 
402 224 336 336 830 81 862 700 604 446 535 819 802 506 847 461 161 437 471 667 285 896 293 781 470 535 245 164 663 485 199 490 310 879 339 937 843 417 619 746 740 211 155 989 66 699 971 189 503 265 270 407 284 611 210 10 322 952 195 583 426 602 276 221 187 377 911 251 982 447 602 85 729 164 95 561 538 534 517 579 605 984 45 
614 464 319 632 79 287 667 579 113 364 192 521 283 128 448 102 64 472 616 790 339 686 50 176 192 900 171 640 811 518 661 309 843 447 629 496 318 279 255 887 211 163 4 781 812 828 447 665 974 160 99 853 104 180 154 822 167 75 900 113 652 258 97 569 448 33 4 72 30 350 101 973 466 314 273 112 54 363 455 145 210 742 465 
96 473 796 685 877 507 499 630 882 954 478 881 926 473 638 562 453 789 444 895 629 559 421 46 101 67 472 503 219 695 101 259 325 269 937 573 667 916 943 208 155 4 89 862 639 262 85 742 472 203 94 535 482 148 612 948 100 59 134 284 416 221 627 744 264 886 27 526 461 99 801 749 85 846 530 605 171 984 460 825 287 284 468 
817 212 945 407 334 719 746 215 399 898 170 197 676 535 830 965 880 686 345 407 276 734 925 386 711 945 994 221 156 841 604 66 837 301 72 19 919 585 318 817 989 781 862 507 363 833 950 565 834 222 504 215 636 667 191 311 885 206 772 228 124 367 670 576 937 340 407 902 467 36 173 42 534 921 40 747 978 656 988 781 314 449 65 
521 948 164 628 177 847 454 240 231 467 40 464 563 977 213 180 52 565 73 409 597 185 837 252 181 883 435 661 401 188 786 478 622 338 332 398 402 728 374 505 66 812 639 363 210 719 969 991 528 429 101 266 595 650 823 417 958 851 139 453 140 414 347 908 207 499 341 248 567 383 547 731 370 630 993 616 950 150 536 595 110 941 893 
858 477 229 936 935 85 759 297 921 193 135 144 429 911 793 220 400 903 263 482 154 413 386 715 952 425 666 192 578 795 218 434 748 730 496 6 240 430 468 450 699 828 262 833 719 147 974 794 454 373 13 803 516 571 650 330 560 195 952 642 876 438 474 264 882 520 452 793 926 650 163 770 265 860 319 348 34 184 525 324 925 578 875 
901 573 226 373 37 534 525 144 113 981 975 662 906 406 715 1 806 174 639 651 436 696 214 789 455 111 241 470 945 359 465 431 82 828 608 92 465 136 329 381 971 447 85 950 969 974 696 995 141 541 216 384 284 168 962 959 197 562 576 907 304 169 345 857 14 865 428 119 582 742 88 651 878 607 737 312 480 760 500 285 148 496 491 
108 774 371 659 890 994 294 883 658 353 648 634 47 824 835 364 170 304 274 556 764 539 810 896 564 295 138 634 817 857 551 673 547 947 515 696 597 905 318 877 189 665 742 565 991 794 995 22 304 919 652 281 984 634 935 771 357 765 813 568 897 530 268 339 446 689 434 676 434 651 172 667 152 439 998 866 628 651 701 528 908 141 141 
358 478 134 909 756 738 539 1 789 757 84 879 831 823 25 15 173 253 405 542 428 162 682 350 421 768 615 20 469 7 577 336 409 621 552 106 710 335 468 635 503 974 472 834 528 454 141 304 659 684 474 13 534 166 39 396 316 959 12 891 971 436 928 145 694 459 552 215 841 389 38 844 909 330 884 73 59 712 15 119 178 984 616 
331 921 286 241 549 762 669 444 981 574 582 922 408 941 579 556 156 609 653 768 857 668 544 740 202 955 884 716 819 874 342 333 693 488 382 699 105 92 882 768 265 160 203 222 429 373 541 919 684 304 740 672 889 846 804 631 738 2 206 841 594 423 833 146 253 926 740 700 766 629 22 346 103 201 956 591 791 848 599 55 930 53 91 
421 43 857 139 847 954 336 271 14 402 481 896 607 339 957 305 815 665 430 906 788 26 452 303 130 49 597 627 696 738 676 341 578 918 446 346 720 186 913 235 270 99 94 504 101 13 216 652 474 740 77 463 552 703 391 240 949 125 2 353 370 733 247 282 491 619 459 125 353 625 45 904 677 477 106 313 206 525 507 879 367 697 50 
595 101 666 549 170 445 50 161 847 499 372 13 40 428 747 457 608 715 595 644 671 302 359 802 457 967 738 905 890 541 796 926 480 516 559 205 546 363 843 624 407 853 535 215 266 803 384 281 13 672 463 114 297 248 796 154 52 305 148 807 964 830 577 847 459 924 749 467 264 564 722 925 835 897 506 564 199 811 378 395 370 103 898 
252 820 166 6 443 100 555 629 618 802 441 648 344 945 395 707 222 397 546 819 309 880 57 209 194 671 423 567 273 575 956 315 425 138 776 898 78 614 856 871 284 104 482 636 595 516 284 984 534 889 552 297 16 294 559 834 631 281 26 229 674 145 926 87 584 320 211 104 15 821 674 128 188 610 612 659 962 449 552 51 944 966 252 
147 659 332 9 64 189 755 29 160 59 646 950 166 412 461 139 300 153 53 649 430 769 841 641 806 923 139 434 784 221 939 153 206 644 23 510 79 285 540 616 611 180 148 667 650 571 168 634 166 846 703 248 294 884 152 594 345 633 627 446 732 768 847 590 452 815 963 729 48 719 741 854 227 923 652 314 761 638 334 886 719 146 803 
704 747 837 360 917 115 858 880 113 39 289 974 435 505 714 510 875 67 328 543 500 425 629 485 282 425 972 150 758 697 575 380 225 408 386 531 701 384 488 667 210 154 612 191 823 650 962 935 39 804 391 796 559 152 279 128 735 42 877 694 100 115 9 524 447 210 871 227 188 413 59 962 616 280 613 705 308 138 715 881 673 337 670 
354 92 378 390 706 98 157 985 81 427 280 909 491 284 521 112 148 647 442 607 961 852 610 488 370 801 717 169 402 284 86 840 650 910 980 308 971 170 330 68 10 822 948 311 417 330 959 771 396 631 240 154 834 594 128 482 516 801 980 211 421 978 197 513 138 769 736 929 146 820 697 651 771 135 196 855 5 834 263 677 218 831 368 
357 184 854 636 482 812 13 152 580 71 183 134 822 903 235 200 1 483 691 246 69 446 369 338 755 859 579 582 482 760 28 274 944 773 957 826 972 686 28 351 322 167 100 885 958 560 197 357 316 738 949 52 631 345 735 516 769 924 838 597 530 548 964 674 294 5 536 752 613 177 281 476 439 144 974 769 853 290 996 182 583 438 516 
354 420 201 395 470 375 950 381 408 164 913 232 91 772 709 322 583 306 399 730 814 858 347 492 170 91 47 335 914 354 608 253 629 417 540 251 718 80 272 491 952 75 59 206 851 195 562 765 959 2 125 305 281 633 42 801 924 180 355 374 504 220 972 536 541 265 248 940 447 521 671 383 129 485 341 903 80 5 916 742 473 960 321 
465 605 682 833 216 761 683 620 808 548 669 135 295 761 525 984 407 725 197 795 78 802 494 618 800 44 448 786 915 483 400 208 825 680 816 92 843 579 381 309 195 900 134 772 139 952 576 813 12 206 2 148 26 627 877 980 838 355 907 405 238 272 175 279 836 603 344 283 925 637 828 86 769 439 859 909 237 309 185 951 206 158 525 
822 804 817 21 328 791 921 661 596 753 500 771 386 111 580 558 304 291 560 273 713 452 721 777 604 468 862 820 608 105 302 732 860 78 285 467 155 10 576 433 583 113 284 228 453 642 907 568 891 841 353 807 229 446 694 211 597 374 405 594 702 308 654 351 659 9 734 348 122 57 429 545 340 790 832 348 873 97 984 385 474 122 100 
716 448 533 560 796 242 637 747 697 116 13 755 144 389 962 385 341 630 395 658 931 404 530 699 368 234 133 863 335 238 422 191 682 162 119 514 839 94 362 821 426 652 416 124 140 876 304 897 971 594 370 964 674 732 100 421 530 504 238 702 872 178 906 428 949 965 537 520 464 110 950 495 240 602 632 468 621 799 317 258 913 162 69 
158 281 932 809 529 181 279 740 804 147 208 207 682 160 747 285 239 44 445 30 37 49 800 911 642 504 4 347 856 256 872 506 828 856 857 330 740 263 258 331 602 258 221 367 414 438 169 530 436 423 733 830 145 768 115 978 548 220 272 308 178 324 4 946 169 58 425 949 710 170 119 35 285 997 553 841 26 157 188 879 627 354 92 
620 381 778 753 565 172 739 493 953 221 322 853 659 395 576 330 109 443 564 953 720 612 853 215 503 756 699 464 539 900 502 466 602 719 367 86 913 423 686 119 276 97 627 670 347 474 345 268 928 833 247 577 926 847 9 197 964 972 175 654 906 4 845 209 363 461 929 142 399 397 924 525 231 276 707 83 719 847 1 75 876 599 987 
58 652 754 787 469 548 867 421 44 84 423 13 875 437 948 807 572 626 891 478 49 360 631 213 180 370 131 889 12 503 195 973 59 703 261 829 487 143 449 1000 221 569 744 576 908 264 857 339 145 146 282 847 87 590 524 513 674 536 279 351 428 946 209 799 418 278 805 645 1 237 751 123 898 806 913 142 823 556 85 847 528 502 929 
623 406 633 583 459 858 576 463 27 866 147 708 715 28 170 462 549 536 52 11 612 671 247 173 616 150 546 370 364 947 478 756 180 743 501 272 979 644 817 66 187 448 264 937 207 882 14 446 694 253 491 459 584 452 447 138 294 541 836 659 949 169 363 418 123 129 159 889 30 235 239 859 595 966 871 10 166 965 954 836 429 935 731 
874 113 952 605 13 899 977 552 266 575 855 263 306 213 781 613 393 967 278 467 36 468 102 579 445 899 689 118 604 151 651 124 600 725 976 170 430 246 117 553 377 33 886 340 499 520 865 689 459 926 619 924 320 815 210 769 5 265 603 9 965 58 461 278 129 906 874 602 222 226 612 325 933 358 622 689 782 879 530 492 901 875 921 
294 706 223 746 852 277 245 741 286 22 990 382 852 660 132 58 772 125 992 455 55 974 6 237 539 492 292 228 842 267 76 535 227 517 135 144 767 165 205 43 911 4 27 407 341 452 428 434 552 740 459 749 211 963 871 736 536 248 344 734 537 425 929 805 159 874 543 317 758 231 454 638 673 985 839 96 609 73 706 516 376 821 128 
183 663 545 769 364 450 880 185 364 915 42 74 367 375 946 689 519 936 88 201 689 466 621 442 344 202 905 586 450 539 323 7 231 787 329 859 671 421 280 528 251 72 526 902 248 793 119 676 215 700 125 467 104 729 227 929 752 940 283 348 520 949 142 645 889 602 317 264 976 77 168 115 826 761 982 112 506 63 346 98 181 648 622 
477 946 341 145 695 827 656 921 549 349 906 433 284 729 129 782 534 629 185 174 280 377 951 930 607 503 348 140 916 22 660 955 140 207 631 916 549 108 1000 11 982 30 461 467 567 926 582 434 841 766 353 264 15 48 188 146 613 447 925 122 464 710 399 1 30 222 758 976 63 320 532 774 16 815 8 406 102 720 737 325 373 819 996 
827 317 995 644 577 902 839 63 643 850 350 436 340 553 152 438 473 164 988 524 327 128 320 917 473 926 189 826 373 834 486 412 344 649 34 870 871 86 408 4 447 350 99 36 383 650 742 651 389 629 625 564 821 719 413 820 177 521 637 57 110 170 397 237 235 226 231 77 320 141 843 137 636 833 309 642 284 219 339 696 865 632 773 
980 247 660 921 888 907 759 708 729 297 442 456 329 571 371 656 642 876 525 280 641 490 712 351 918 336 829 96 563 991 700 162 459 879 745 525 870 392 701 294 602 101 801 173 547 163 88 172 38 22 45 722 674 741 59 697 281 671 828 429 950 119 924 751 239 612 454 168 532 843 967 981 40 709 811 977 784 785 886 64 835 536 37 
482 336 25 82 123 368 499 612 3 122 49 177 952 544 971 862 264 741 666 225 48 647 578 894 242 733 158 915 820 75 229 454 78 236 188 582 539 519 356 183 85 973 749 42 731 770 651 667 844 346 904 925 128 854 962 651 476 383 86 545 495 35 525 123 859 325 638 115 774 137 981 873 313 173 379 563 488 633 510 458 581 354 47 
857 392 74 278 864 977 797 849 732 634 897 582 430 645 246 836 261 189 195 902 865 123 787 764 641 420 120 875 66 998 470 122 800 507 601 438 354 196 969 385 729 466 85 534 370 265 878 152 909 103 677 835 188 227 616 771 439 129 769 340 240 285 231 898 595 933 673 826 16 636 40 313 603 640 203 720 522 394 388 856 117 839 797 
661 372 331 716 69 458 134 3 172 957 568 374 340 155 367 775 547 721 672 239 822 217 73 888 847 490 427 553 609 729 42 626 360 55 975 587 119 291 152 329 164 314 846 921 630 860 607 439 330 201 477 897 610 923 280 135 144 485 439 790 602 997 276 806 966 358 985 761 815 833 709 173 640 28 720 55 859 903 96 700 410 670 20 
859 211 137 268 613 656 392 200 117 628 753 157 53 226 281 481 816 903 511 882 87 655 901 199 256 596 734 242 69 328 952 772 249 749 843 689 408 458 898 566 95 273 530 40 993 319 737 998 884 956 106 506 612 652 613 196 974 341 859 832 632 553 707 913 871 622 839 982 8 309 811 379 203 720 862 505 300 565 237 896 990 320 15 
235 997 79 17 253 29 597 328 997 353 318 807 588 234 595 816 154 862 882 770 211 564 576 619 848 101 480 881 880 145 281 77 718 863 370 881 621 778 897 228 561 112 605 747 616 348 312 866 73 591 313 564 659 314 705 855 769 903 909 348 468 841 83 142 10 689 96 112 406 642 977 563 720 55 505 952 944 176 250 133 67 25 664 
143 380 867 683 300 179 120 770 408 160 458 325 768 998 338 245 776 195 679 433 478 401 129 287 841 351 381 432 538 416 977 967 497 538 683 811 787 890 541 91 538 54 171 978 950 34 480 628 59 791 206 199 962 761 308 5 853 80 237 873 621 26 719 823 166 782 609 506 102 284 784 488 522 859 300 944 193 155 839 77 878 414 196 
259 15 576 37 197 150 96 687 664 514 355 530 221 793 30 427 781 697 649 567 289 77 359 54 753 867 713 598 265 652 919 227 522 430 193 358 429 655 723 652 534 363 984 656 150 184 760 651 712 848 525 811 449 638 138 834 290 5 309 97 799 157 847 556 965 879 73 63 720 219 785 633 394 903 565 176 155 899 591 599 790 334 233 
23 838 381 844 90 939 567 966 252 642 717 381 309 576 46 629 471 226 334 552 133 655 516 920 857 255 638 758 25 497 276 547 650 843 947 628 776 149 468 619 517 455 460 988 536 525 500 701 15 599 507 378 552 334 715 263 996 916 185 984 317 188 1 85 954 530 706 346 737 339 886 510 388 96 237 250 839 591 874 235 913 429 58 
197 808 115 126 253 760 461 427 336 825 99 859 908 417 975 35 132 814 379 946 948 450 333 311 135 194 469 906 863 321 350 864 988 586 756 197 112 981 787 750 579 145 825 781 595 324 285 528 119 55 879 395 51 886 881 677 182 742 951 385 258 879 75 847 836 492 516 98 325 696 64 458 856 700 896 133 77 599 235 849 818 62 951 
901 141 829 542 311 35 433 370 618 641 301 660 372 432 965 413 155 543 771 964 66 177 901 545 78 801 727 236 426 753 875 583 151 407 110 241 120 681 60 988 605 210 287 314 110 925 148 908 178 930 367 370 944 719 673 218 583 473 206 474 913 627 876 528 429 901 376 181 373 865 835 581 117 410 990 67 878 790 913 818 25 101 502 
486 306 118 839 107 844 900 289 843 374 296 84 316 678 934 415 241 597 883 400 186 989 716 787 305 568 399 588 786 11 153 168 450 523 679 367 684 879 233 237 984 742 284 449 941 578 496 141 984 53 697 103 966 146 337 831 438 960 158 122 162 354 599 502 935 875 821 648 819 632 536 354 839 670 320 25 414 334 429 62 101 334 942 
577 51 314 627 908 352 921 411 24 630 957 783 294 205 229 689 144 769 904 890 113 154 225 63 114 564 366 637 327 147 429 810 305 387 904 982 341 808 812 483 45 465 468 65 893 875 491 141 616 91 50 898 252 803 670 368 516 321 525 100 69 92 987 929 731 921 128 622 996 773 37 47 797 20 15 664 196 233 58 951 502 942 465 
