992 292
611 315 851 797 573 324 125 591 182 808 280 60 665 900 511 506 597 825 707 637 73 985 928 72 603 598 631 930 884 431 235 40 917 14 10 942 920 410 432 495 414 878 948 103 214 772 677 967 126 60 943 376 134 37 230 973 601 560 770 958 570 717 816 539 6 933 234 712 163 424 836 921 274 930 396 962 970 618 235 298 847 582 370 875 179 606 218 205 762 724 437 435 873 173 466 638 574 353 37 225 918 773 347 431 849 45 537 421 519 286 873 532 335 265 875 215 976 323 493 96 326 755 153 680 879 479 543 400 549 577 75 746 113 996 315 880 235 774 585 631 227 593 552 294 109 988 203 834 85 164 550 558 950 700 148 973 246 964 161 1 587 974 34 420 948 114 934 763 191 341 110 690 976 289 623 534 666 520 376 109 122 186 133 663 40 871 24 218 852 946 303 233 728 854 668 149 623 592 892 953 943 522 135 909 116 712 558 181 367 787 196 696 271 635 963 611 805 117 244 894 459 851 785 615 356 907 608 334 154 375 27 579 458 686 652 392 361 213 605 107 394 687 54 36 924 993 158 450 749 700 25 795 201 478 679 205 927 148 166 215 173 390 365 527 247 831 957 146 437 416 285 312 877 195 734 463 729 547 200 740 864 574 525 832 711 44 506 633 552 121 454 752 
315 256 144 695 737 963 71 403 858 861 816 574 274 688 938 686 474 844 911 608 87 389 332 264 773 81 725 930 699 875 123 152 328 751 183 579 624 192 95 56 84 861 351 206 693 47 598 380 850 503 731 565 616 869 719 172 414 636 110 75 176 271 194 600 978 458 119 166 791 373 920 444 429 833 417 853 183 826 746 902 324 384 517 555 41 944 776 87 567 32 695 996 461 221 741 539 246 41 224 106 78 561 715 815 397 507 14 12 146 835 973 619 474 985 644 489 907 607 286 794 582 462 799 582 601 484 267 10 117 162 107 526 781 252 79 601 468 106 375 844 557 122 895 963 899 170 152 127 844 193 794 20 349 52 70 215 14 36 700 787 855 455 975 842 149 959 396 618 754 231 995 211 624 86 113 6 111 745 10 725 533 423 722 389 19 213 981 961 515 269 512 192 37 704 452 30 340 713 330 483 263 129 754 795 979 751 170 268 798 968 233 235 359 279 337 157 199 598 483 67 368 872 448 431 509 507 611 738 548 947 410 810 715 40 877 362 638 341 210 293 248 423 613 417 904 212 468 324 75 65 968 4 85 172 483 338 513 2 395 791 491 995 899 401 343 701 587 346 657 553 402 226 469 61 143 648 74 779 637 906 206 638 461 350 82 642 945 248 872 525 740 835 
851 144 401 377 976 511 90 132 576 73 562 404 687 593 496 760 510 954 550 319 248 275 324 341 289 176 162 397 43 560 781 389 937 943 71 847 490 933 728 907 383 686 176 727 326 45 992 313 715 478 138 454 188 250 663 61 793 258 103 450 780 890 853 289 385 769 64 764 348 278 210 243 295 531 259 914 198 576 962 601 143 67 367 94 736 774 186 919 995 720 574 207 966 80 67 620 504 537 606 729 254 32 152 23 571 768 620 628 717 187 662 591 297 971 451 117 644 297 197 708 607 330 800 300 607 275 335 957 21 134 143 974 631 901 249 325 769 229 67 7 572 391 900 684 682 941 472 252 399 537 95 635 663 976 571 816 999 577 905 510 306 634 701 171 121 308 311 94 250 690 225 305 755 714 300 199 385 665 172 722 578 688 730 829 705 82 816 252 688 235 481 13 92 100 142 240 161 812 73 858 829 215 492 635 753 277 958 42 647 342 545 289 877 901 501 522 214 880 719 16 888 769 791 682 910 699 827 852 490 846 463 392 276 196 309 76 903 137 866 811 676 334 21 751 463 647 639 18 30 682 144 235 984 460 99 951 270 673 37 384 98 755 792 369 661 393 972 950 653 20 872 450 144 360 737 596 241 439 242 733 616 760 131 566 344 314 309 578 630 285 698 347 
797 695 377 69 561 399 944 346 481 95 221 81 660 598 426 177 390 764 573 114 334 39 686 549 530 790 393 191 633 629 354 629 221 405 929 249 580 271 599 441 77 879 730 437 735 176 850 105 982 192 235 784 491 103 14 360 282 519 342 461 751 122 706 930 259 415 880 390 569 352 210 225 657 816 780 161 539 857 292 268 186 663 210 984 706 205 374 60 314 557 868 468 909 403 552 140 341 519 20 772 566 372 424 752 293 929 149 415 47 691 248 140 186 863 657 64 265 193 814 575 954 246 181 76 4 464 117 921 123 166 348 83 379 714 275 855 1 833 291 102 509 637 182 143 773 954 536 617 162 403 398 586 106 124 103 261 996 344 151 490 501 178 600 458 314 923 907 94 468 474 680 141 27 535 183 926 613 678 31 123 211 75 398 797 137 262 196 455 637 173 359 567 266 173 224 291 130 349 462 261 176 3 83 277 131 681 921 8 592 405 742 990 781 857 414 655 376 844 787 585 359 902 662 503 67 526 716 572 466 657 581 188 195 52 60 958 587 939 310 983 15 470 109 594 912 382 871 250 999 438 20 653 1 188 314 236 600 948 276 398 731 632 288 90 6 845 227 304 204 477 228 697 866 217 837 623 115 840 207 724 990 572 655 1 933 733 333 324 33 369 465 81 
573 737 976 561 723 316 451 124 293 275 362 955 316 990 628 963 819 310 517 161 158 402 51 701 992 171 352 361 552 906 395 318 143 13 407 903 290 97 590 896 534 162 592 430 316 870 3 151 536 642 780 12 694 679 995 893 637 319 142 397 569 377 402 1 986 431 587 278 39 480 789 244 535 889 20 151 250 230 860 631 649 272 91 708 99 170 483 62 387 895 461 534 471 756 255 575 82 967 707 939 73 9 527 377 849 192 661 484 269 741 903 220 607 551 474 418 54 131 27 263 489 675 191 564 491 650 314 587 158 852 431 742 585 260 598 959 891 567 349 640 853 557 932 182 497 505 857 141 967 137 858 992 535 322 202 640 61 133 746 10 598 583 806 126 742 256 832 76 133 453 850 472 931 580 106 500 400 244 727 590 5 965 889 227 350 430 87 82 379 850 560 367 955 960 689 299 185 902 150 891 296 739 900 831 375 346 370 686 651 168 165 460 752 95 743 533 21 556 509 257 1000 68 724 223 821 663 632 206 377 398 127 602 772 569 21 58 960 225 643 893 267 847 122 703 97 55 806 808 253 575 6 317 321 473 965 4 106 59 682 870 174 743 116 97 352 382 851 412 718 599 247 649 63 591 760 176 263 996 20 156 861 173 104 311 16 986 53 638 77 781 201 972 
324 963 511 399 316 764 766 656 552 912 724 173 542 670 758 626 473 717 693 402 170 511 17 33 258 522 134 478 771 577 235 615 590 494 350 910 459 374 455 995 758 888 616 240 402 463 595 181 275 271 198 725 110 497 579 792 164 739 786 422 212 205 847 992 397 70 280 468 337 802 860 310 547 384 979 979 709 121 306 931 191 979 287 840 2 946 358 790 620 689 897 663 597 975 955 843 670 933 22 769 190 913 359 367 798 146 37 205 552 284 347 892 342 667 929 859 725 49 618 322 418 316 403 511 918 21 45 305 618 659 90 469 899 795 998 247 264 580 405 911 178 688 440 39 535 461 684 629 368 735 551 901 319 436 32 127 191 784 734 914 697 567 218 489 808 711 850 381 528 247 516 912 885 276 527 653 227 978 56 167 810 868 540 598 11 384 352 862 503 745 726 949 643 835 415 429 380 535 971 594 663 595 579 281 366 474 202 430 642 753 524 304 988 200 746 246 301 753 571 533 278 605 469 171 518 461 993 304 536 161 360 749 725 231 464 66 56 528 199 753 571 124 666 729 782 571 674 621 6 807 728 67 469 727 810 3 285 686 992 891 700 247 619 951 177 341 971 722 705 15 983 430 655 497 880 258 208 789 450 410 982 682 280 937 908 774 567 198 686 958 68 301 
125 71 90 944 451 766 939 255 313 972 436 843 674 164 551 635 157 530 162 196 25 670 594 256 478 989 350 76 981 320 31 787 71 258 91 476 811 132 658 308 414 572 166 95 778 218 588 529 367 164 30 726 704 644 893 395 593 873 934 22 972 196 339 762 497 529 771 569 12 970 363 773 567 273 363 964 11 303 824 928 161 885 728 970 152 845 621 459 392 510 926 674 28 291 618 552 764 627 956 487 39 616 509 579 669 796 163 154 118 993 852 855 108 798 159 599 969 657 643 255 500 484 21 246 949 386 61 519 246 401 543 718 243 85 681 253 462 117 527 537 274 968 936 78 15 718 523 61 347 97 271 175 868 852 220 876 143 355 475 750 41 626 275 583 280 154 854 267 732 130 198 890 814 125 434 221 586 214 277 620 727 389 848 379 200 718 18 659 962 878 244 245 780 959 97 665 694 558 517 78 422 374 665 235 124 615 229 732 773 950 860 165 452 75 14 531 840 505 831 924 215 106 217 349 664 599 648 300 22 338 397 932 133 758 583 422 132 191 374 300 112 261 353 550 498 990 826 608 269 605 260 645 269 383 202 165 347 474 384 9 70 181 118 447 79 844 129 163 428 476 368 820 4 659 364 873 433 900 483 241 989 579 137 184 332 142 318 597 903 745 378 838 
591 403 132 346 124 656 255 26 713 965 743 558 677 552 450 596 280 422 92 195 300 408 928 474 280 301 21 181 527 907 956 538 571 115 650 71 108 763 422 936 116 321 971 397 859 643 464 94 28 340 697 485 46 672 268 333 384 933 269 192 538 93 974 781 39 162 491 642 790 880 103 138 659 469 228 416 918 862 407 745 759 644 220 748 132 188 526 948 964 770 943 7 809 634 780 86 266 895 735 889 381 830 693 846 581 752 147 816 5 744 624 242 394 364 599 583 71 767 929 663 76 866 297 595 92 283 225 680 588 418 127 964 975 383 94 174 418 427 656 131 440 674 282 211 44 631 738 798 205 551 34 229 166 398 910 467 171 240 75 456 325 602 851 668 63 704 875 242 890 933 26 188 600 851 494 387 437 779 541 986 369 292 700 934 892 861 100 487 751 496 139 792 742 432 810 719 18 548 691 448 94 847 674 224 180 780 347 355 573 857 567 330 608 88 501 90 454 488 356 448 415 180 296 815 542 508 965 568 994 145 87 282 693 241 976 153 316 933 794 586 221 736 921 414 612 328 694 234 179 750 597 109 284 60 619 214 222 925 916 36 110 927 614 896 879 706 139 686 81 93 307 856 341 921 746 799 133 903 406 701 19 472 992 310 277 191 563 116 101 779 862 757 
182 858 576 481 293 552 313 713 368 572 112 461 519 744 809 734 58 378 601 496 874 356 29 910 287 16 407 478 326 391 525 54 93 396 456 163 451 753 859 306 753 901 691 667 337 543 420 636 200 517 324 363 553 199 991 874 94 658 703 88 347 522 900 461 732 874 461 206 338 858 177 45 511 870 262 77 271 168 730 557 399 948 992 442 804 241 786 828 659 225 170 220 524 970 491 838 645 647 15 924 900 447 540 750 315 561 664 241 247 202 668 479 361 150 606 547 473 338 470 667 582 358 849 588 448 512 945 210 199 212 86 941 537 175 500 12 861 782 761 328 458 525 992 691 52 547 957 640 450 787 20 977 591 944 122 39 919 970 454 119 132 528 538 777 97 354 313 545 221 411 9 395 88 817 184 289 290 708 372 559 853 363 827 285 878 463 839 597 440 794 251 510 650 987 859 656 372 297 595 916 107 442 40 960 969 367 243 825 769 295 589 138 387 594 819 494 147 331 39 38 181 24 886 999 643 829 818 242 58 659 211 356 759 553 623 280 5 950 505 507 723 966 800 239 141 568 652 230 878 172 75 161 557 10 105 450 621 574 654 591 107 176 1000 411 905 690 389 995 205 566 674 847 38 88 379 32 705 46 206 947 287 91 945 904 567 850 427 783 162 511 39 351 
808 861 73 95 275 912 972 965 572 209 69 1 220 794 762 154 580 442 71 66 596 207 678 690 515 416 428 215 404 212 698 129 955 122 476 76 752 27 114 120 147 994 253 934 142 658 815 795 991 649 905 239 389 692 822 219 370 819 286 25 571 688 282 663 899 49 409 826 259 939 31 611 509 198 759 561 950 885 931 894 740 639 238 467 390 59 923 777 22 695 983 762 697 381 860 111 845 498 629 512 701 523 437 277 37 695 484 772 14 845 54 964 947 475 200 310 366 788 4 590 745 3 670 370 462 386 913 473 298 718 275 340 30 1000 956 805 947 100 499 214 140 162 326 907 477 229 671 112 37 952 258 993 978 351 843 154 242 656 520 45 136 245 792 904 247 92 314 898 719 118 620 871 162 986 429 132 808 165 794 665 499 486 771 778 521 572 231 424 677 110 321 300 953 405 294 219 590 750 625 854 985 812 224 799 199 39 395 824 158 12 313 162 648 462 954 697 423 65 592 774 184 676 172 620 100 360 52 533 197 343 489 368 793 414 278 542 851 25 566 821 134 233 460 625 908 505 188 342 474 766 769 882 57 99 106 415 489 981 619 438 827 782 41 880 960 973 999 173 86 830 632 821 464 372 76 328 887 294 331 185 867 100 247 630 290 745 290 691 480 589 858 70 
280 816 562 221 362 724 436 743 112 69 229 380 270 917 457 922 18 561 207 590 796 413 849 867 290 707 944 188 491 43 102 406 589 117 54 598 919 746 687 357 670 42 382 535 338 30 709 164 460 687 300 88 310 606 829 718 889 316 987 758 29 181 443 504 816 562 937 971 901 534 443 463 196 671 1 533 904 369 222 799 119 105 172 37 283 768 644 959 878 924 154 131 115 165 114 13 884 824 756 499 270 255 919 527 471 592 580 861 16 720 965 597 12 273 407 301 795 810 181 454 672 690 567 699 859 668 866 931 426 359 605 334 481 126 593 788 849 763 640 960 708 706 784 308 939 942 317 607 838 550 986 658 184 368 849 630 374 258 419 371 426 439 254 388 919 713 850 368 424 185 381 566 562 831 440 708 459 895 902 820 739 835 754 36 550 732 551 371 35 904 812 220 715 656 405 460 16 281 402 609 228 706 411 286 299 518 493 711 765 829 274 356 891 568 221 724 554 232 43 531 67 244 599 24 630 34 356 424 979 62 482 655 191 133 402 106 806 689 31 635 729 625 617 686 942 607 354 482 123 258 539 685 806 239 643 789 971 837 417 957 681 64 800 260 791 740 50 32 493 334 94 553 935 153 147 843 147 407 83 429 914 259 456 651 892 441 631 27 193 841 878 894 
60 574 404 81 955 173 843 558 461 1 380 878 521 885 93 846 444 250 115 656 393 360 158 906 563 359 721 444 185 248 274 352 653 891 401 916 870 764 756 638 287 290 733 411 449 295 720 162 94 313 200 399 916 666 499 154 12 797 766 43 939 752 904 105 180 564 699 217 247 563 935 537 67 82 427 487 185 135 76 385 554 273 644 711 55 128 831 489 476 62 443 730 622 691 612 710 421 849 327 926 32 107 782 283 855 658 766 564 810 175 290 515 865 730 111 686 185 596 146 551 547 874 898 480 744 97 29 789 18 116 647 291 400 636 279 460 57 249 766 168 1 733 704 832 539 845 937 60 484 956 700 436 953 929 369 710 817 298 955 848 17 196 321 336 657 102 700 404 154 430 99 476 465 795 464 936 752 768 698 251 510 946 133 823 517 403 314 388 403 118 231 685 923 280 583 972 353 977 332 83 282 931 54 584 585 744 81 394 303 988 99 698 472 653 429 233 353 529 60 74 373 989 15 669 960 642 656 737 17 454 903 297 657 439 653 548 152 476 714 712 738 210 858 672 650 397 805 922 515 401 143 728 870 992 820 543 960 601 108 205 809 395 237 629 838 410 617 568 256 743 741 672 375 856 745 86 52 770 507 530 732 789 587 518 895 429 935 5 91 869 419 961 
665 274 687 660 316 542 674 677 519 220 270 521 361 107 31 2 156 334 381 433 881 662 865 854 652 904 68 217 225 187 987 782 857 832 61 542 638 846 790 450 35 783 367 866 121 460 500 464 981 858 818 466 482 495 937 601 981 871 402 276 259 600 406 76 578 903 44 213 829 134 691 987 811 894 401 450 937 559 638 261 965 507 801 587 99 40 229 231 339 260 117 207 486 300 705 257 434 855 786 564 932 3 495 518 174 312 219 828 882 62 949 930 989 144 828 661 917 410 115 913 716 649 517 234 73 934 558 293 594 16 318 468 268 316 906 830 524 149 46 565 836 127 128 166 749 778 320 864 95 365 324 734 624 60 297 190 244 856 843 65 57 378 617 469 612 947 299 609 263 485 369 56 301 298 97 562 716 457 664 330 33 961 360 278 824 774 898 323 865 479 376 941 8 260 331 750 157 741 467 23 516 479 974 626 512 81 886 789 26 685 858 358 724 285 766 363 283 438 536 336 469 470 263 352 774 495 668 480 702 941 722 601 29 108 59 117 243 442 600 264 512 765 711 513 480 106 712 914 298 38 18 965 546 244 694 298 860 930 123 153 80 449 248 430 194 275 737 457 6 621 606 98 517 2 263 678 124 608 715 13 524 308 81 555 408 312 69 228 761 7 137 868 
900 688 593 598 990 670 164 552 744 794 917 885 107 819 416 471 250 616 651 303 790 365 789 317 413 364 105 656 618 441 503 398 573 989 352 3 515 583 45 161 759 197 703 525 784 635 514 301 543 41 28 688 16 349 653 412 519 333 125 156 432 284 865 77 211 28 401 241 739 937 936 255 128 261 225 326 131 322 342 116 350 325 68 127 209 179 660 250 559 697 235 631 564 850 569 6 515 178 686 566 817 12 319 915 751 669 841 158 805 945 419 542 30 74 699 341 969 246 876 252 933 2 26 488 287 476 790 744 980 189 687 906 406 106 361 93 499 196 526 613 157 144 11 793 496 753 619 882 359 159 539 621 32 750 60 616 80 674 314 116 214 38 747 548 793 401 39 956 173 108 554 594 683 479 548 21 331 186 251 797 636 711 26 211 345 375 983 958 432 84 419 785 130 965 268 557 19 938 25 465 157 803 451 966 144 166 127 51 592 365 938 815 671 524 969 734 967 811 564 251 494 138 146 224 136 818 432 276 68 957 647 875 914 394 354 824 596 493 396 27 623 330 833 848 913 558 520 711 475 611 811 367 275 547 183 665 328 629 328 370 595 705 777 315 109 905 807 305 814 91 747 916 551 137 856 799 737 919 6 134 973 447 932 193 295 433 826 531 217 349 140 702 
511 938 496 426 628 758 551 450 809 762 457 93 31 416 855 247 780 214 347 790 55 14 292 275 89 770 954 820 267 877 745 468 141 198 924 978 624 630 351 631 709 161 26 435 143 899 130 605 100 463 384 511 931 969 742 981 865 206 20 805 222 425 509 791 555 222 246 220 517 652 265 229 120 952 546 635 850 120 864 799 903 516 141 325 323 203 664 966 273 606 192 161 909 265 759 311 612 428 861 962 909 956 854 170 739 80 296 392 993 245 760 187 342 818 179 848 120 892 291 959 255 307 502 210 272 653 695 273 824 137 671 340 610 703 969 526 717 864 693 153 668 778 683 355 216 91 145 646 209 707 559 55 261 445 384 439 415 638 390 974 904 764 383 35 211 372 407 25 190 481 424 286 75 536 992 150 701 207 344 353 974 696 371 526 433 995 859 704 27 99 660 727 115 862 603 774 208 268 347 628 703 306 90 583 479 223 359 797 5 925 623 472 647 180 416 396 342 957 505 414 267 21 576 275 928 694 659 677 729 94 530 30 398 419 714 141 327 166 801 398 257 5 31 883 573 774 196 945 633 252 337 727 263 371 802 762 289 45 96 832 959 762 695 543 517 645 777 399 283 733 566 51 71 784 847 490 166 983 690 126 691 207 540 741 303 142 411 845 38 794 329 567 
506 686 760 177 963 626 635 596 734 154 922 846 2 471 247 300 807 904 45 554 818 36 939 129 281 131 87 568 200 874 288 984 23 530 806 622 313 170 331 956 129 372 247 529 108 709 997 46 345 463 607 343 980 553 689 281 804 418 491 233 950 615 18 378 744 534 217 834 338 969 675 313 929 218 168 569 393 887 488 448 129 951 335 534 201 163 846 619 688 661 982 733 223 552 680 803 151 383 982 34 119 560 910 200 595 950 485 549 746 55 667 191 703 135 270 898 969 993 905 191 407 265 739 420 268 338 707 906 565 924 341 892 239 352 915 865 207 577 671 276 263 54 295 293 364 127 900 40 5 916 714 710 81 401 40 823 156 488 162 639 689 254 847 754 914 400 251 589 893 379 557 798 190 860 788 674 119 192 656 450 308 356 826 358 741 339 854 381 744 856 398 458 35 757 627 284 433 985 581 27 486 339 64 52 193 624 250 196 881 90 571 535 494 400 833 370 451 264 796 862 398 842 319 740 812 216 667 505 99 882 867 555 481 794 552 901 936 483 360 245 656 44 5 199 380 537 111 63 339 847 859 795 816 271 196 980 491 319 444 537 440 12 786 542 767 240 156 178 650 596 102 837 206 159 765 955 709 534 923 191 414 825 298 651 358 895 702 211 320 772 985 548 
597 474 510 390 819 473 157 280 58 580 18 444 156 250 780 807 76 152 285 878 974 140 410 12 170 528 193 961 437 267 138 510 940 877 724 440 473 521 517 528 135 251 760 911 229 863 554 107 376 176 703 860 38 197 116 540 340 149 502 113 768 619 881 919 451 645 405 887 219 374 568 113 841 422 638 249 569 82 148 638 689 567 420 271 333 729 130 741 815 75 466 440 209 940 881 908 38 632 877 819 914 930 491 498 877 997 845 337 507 201 988 126 383 60 198 121 169 311 620 167 787 497 523 965 632 596 268 158 207 405 998 606 47 460 766 781 770 920 311 974 211 53 363 522 570 359 844 968 611 286 539 219 825 720 947 255 438 333 40 422 844 484 616 758 34 988 674 584 672 1000 579 26 249 205 608 68 690 480 871 270 667 41 813 807 135 198 946 72 137 846 495 490 951 990 65 669 411 634 878 941 318 19 2 603 85 625 139 939 239 560 221 881 945 37 4 772 686 421 406 566 618 359 257 75 294 449 987 953 331 422 458 722 150 315 698 499 736 865 573 143 265 357 696 939 845 467 799 385 470 716 465 235 33 360 92 849 370 535 661 28 216 785 798 361 878 279 677 832 264 334 988 7 415 673 839 898 519 988 135 160 87 219 393 581 526 786 946 20 524 15 591 148 
825 844 954 764 310 717 530 422 378 442 561 250 334 616 214 904 152 724 44 302 175 108 660 658 344 98 201 946 347 451 513 256 390 894 277 968 721 980 967 764 211 261 972 371 939 251 491 972 457 820 962 349 127 350 141 678 917 770 467 264 49 872 997 851 335 974 598 188 806 762 500 126 687 622 254 510 62 551 74 991 939 434 739 794 916 305 417 662 952 274 851 788 222 589 306 134 481 999 206 518 768 517 1 997 784 419 985 622 80 215 927 187 789 701 904 997 152 134 640 44 944 682 448 902 792 921 321 763 84 682 573 398 601 157 149 321 454 467 422 462 408 330 57 705 744 14 608 662 489 836 147 998 116 888 338 678 17 293 233 89 943 967 731 980 904 35 368 458 778 614 204 211 422 224 273 287 717 900 355 341 593 451 345 718 382 30 154 829 208 40 738 432 829 300 321 936 148 982 251 153 314 549 315 990 881 114 589 783 147 831 889 10 487 708 979 219 301 684 663 905 85 754 532 424 203 211 86 266 263 423 53 644 367 143 812 271 587 767 48 791 265 496 155 414 587 758 711 685 969 280 569 411 40 556 432 513 346 651 603 107 664 876 47 780 642 956 638 543 35 455 135 865 521 142 720 799 821 58 624 44 746 380 329 612 793 901 798 379 618 965 630 841 
707 911 550 573 517 693 162 92 601 71 207 115 381 651 347 45 285 44 214 500 534 907 381 860 456 568 546 521 886 193 393 239 459 850 851 40 499 733 132 52 648 369 934 61 149 512 872 485 351 644 118 377 223 956 376 510 739 89 676 112 82 567 763 164 492 340 355 469 21 763 857 899 679 199 329 765 121 266 735 680 471 413 164 227 797 456 433 834 902 668 70 989 540 599 409 262 858 50 773 240 885 257 232 483 111 100 200 411 348 417 102 201 35 718 576 282 282 513 752 462 763 504 856 456 859 753 723 492 557 652 657 649 730 438 249 436 856 967 819 126 356 127 820 309 836 655 169 352 20 158 749 939 880 183 227 840 120 413 16 104 188 122 863 159 301 676 828 821 210 832 74 512 402 299 211 79 210 144 81 395 780 158 856 457 982 176 933 926 379 227 90 367 448 692 975 371 406 897 81 567 956 903 285 519 662 85 794 661 996 185 119 564 33 827 105 663 460 723 407 210 252 147 888 692 249 282 265 669 572 791 736 954 183 443 468 491 583 997 872 328 267 986 491 315 685 827 927 471 724 103 953 492 946 772 385 357 142 220 653 956 704 524 97 973 778 46 223 670 222 482 871 48 751 379 301 215 566 984 436 934 228 750 707 899 150 88 87 931 353 906 362 538 
637 608 319 114 161 402 196 195 496 66 590 656 433 303 790 554 878 302 500 925 693 155 126 988 377 768 668 892 706 607 859 132 452 746 514 154 777 401 740 944 675 314 275 723 41 462 807 476 968 371 593 574 708 924 77 757 822 29 562 996 337 241 558 351 23 955 94 688 373 348 509 516 427 365 822 608 693 668 499 635 719 648 195 102 170 706 338 948 921 476 511 387 94 413 189 708 788 33 604 877 393 911 849 246 809 398 845 236 455 520 759 861 105 436 580 268 463 844 573 521 298 318 173 768 26 155 448 786 210 146 37 913 995 450 118 934 925 374 192 911 593 963 235 56 588 329 338 265 491 434 119 684 809 145 475 380 45 739 679 378 187 104 632 91 565 517 677 995 511 539 150 913 953 475 87 773 394 998 943 597 478 364 710 92 198 815 809 344 903 414 979 900 933 322 444 925 597 288 383 271 823 7 33 538 464 25 555 628 697 626 778 120 623 658 836 339 361 182 919 466 64 746 474 432 481 7 931 717 123 515 243 832 292 328 601 673 23 270 776 269 50 95 723 850 760 748 536 847 1 680 933 51 55 897 893 62 103 129 676 300 745 798 72 791 791 304 92 376 684 128 44 952 341 180 346 306 847 282 753 753 55 428 483 242 662 801 381 86 431 991 351 682 
73 87 248 334 158 170 25 300 874 596 796 393 881 790 55 818 974 175 534 693 319 373 737 105 318 960 245 744 977 351 24 117 47 814 815 335 196 343 610 479 654 175 457 522 962 380 238 645 8 890 870 78 122 293 811 568 315 585 512 159 246 894 191 439 827 979 389 828 935 828 966 957 779 102 572 545 352 527 945 432 990 613 442 62 737 912 627 197 478 108 674 674 400 895 225 540 131 971 405 84 670 528 531 322 750 219 299 28 865 983 476 439 22 208 724 970 236 320 152 577 704 945 804 96 301 377 303 116 260 863 535 679 1000 252 187 709 111 526 222 906 93 414 151 255 177 99 51 305 682 955 803 156 497 56 694 322 45 253 745 718 833 343 794 342 158 912 204 638 495 854 197 491 37 194 74 387 551 454 977 708 787 809 868 821 16 520 511 607 312 739 62 562 359 898 663 617 575 259 278 358 365 140 327 280 601 451 556 592 383 688 996 226 104 76 467 172 342 810 760 143 168 787 455 409 280 786 46 47 700 767 578 885 890 304 301 688 712 179 542 161 249 810 44 892 984 114 511 402 434 902 401 635 410 36 540 371 84 677 998 216 724 898 313 346 525 522 47 700 282 968 872 715 22 764 387 65 4 403 825 566 948 315 649 339 304 247 933 879 34 627 81 717 
985 389 275 39 402 511 670 408 356 207 413 360 662 365 14 36 140 108 907 155 373 441 666 529 759 879 763 322 608 202 121 853 559 202 41 443 623 953 277 51 457 157 387 518 310 565 586 5 468 727 410 301 290 532 830 283 160 225 970 321 763 743 576 501 793 802 404 841 769 909 628 552 268 181 399 845 721 790 866 561 554 915 132 583 634 691 146 315 909 885 601 764 11 71 827 573 59 943 603 997 906 793 126 170 620 780 280 801 770 806 787 910 473 103 181 184 415 471 436 103 175 188 714 614 145 74 931 54 374 129 124 726 455 375 90 264 272 298 406 356 529 814 45 43 400 828 500 670 57 352 413 839 822 295 739 333 564 599 496 824 962 263 800 837 731 877 290 739 705 814 464 723 77 643 55 609 888 234 243 42 810 246 869 628 297 307 285 305 541 799 642 394 214 763 463 474 196 469 972 618 150 793 576 873 855 568 306 935 985 345 352 307 631 305 868 366 592 851 648 35 36 635 121 717 347 131 441 388 818 925 450 622 176 284 20 332 462 340 319 623 890 408 437 682 851 801 170 476 437 806 451 563 264 985 653 832 896 696 214 819 102 510 826 135 951 101 357 836 475 534 604 30 219 241 280 542 660 861 190 327 22 187 696 201 50 689 973 836 303 26 301 697 
928 332 324 686 51 17 594 928 29 678 849 158 865 789 292 939 410 660 381 126 737 666 918 172 43 316 86 543 859 663 990 994 475 672 310 267 872 156 414 904 825 2 414 391 732 549 663 147 580 644 941 597 851 267 426 356 96 214 135 977 446 427 124 963 52 446 688 805 860 443 434 625 887 801 999 391 869 531 449 487 776 713 949 321 552 344 441 455 7 376 110 698 681 190 971 3 572 167 154 999 270 143 454 437 464 603 921 390 213 981 888 874 739 787 87 132 748 86 219 116 505 161 955 819 570 713 324 856 290 736 52 552 752 985 9 723 578 257 253 28 164 955 404 170 564 834 566 871 176 550 817 139 300 362 108 955 763 108 318 420 230 715 228 120 217 345 148 3 719 490 43 882 402 612 550 521 132 303 343 689 243 423 515 140 514 170 700 946 131 413 553 926 753 664 925 191 730 286 158 438 262 791 970 662 152 865 749 86 601 858 484 18 525 906 79 504 170 665 736 824 338 871 590 678 673 950 269 590 393 832 760 243 967 983 74 330 605 113 634 225 69 561 117 450 582 678 656 350 549 944 763 622 425 799 837 396 456 22 396 52 920 616 993 122 795 803 948 437 273 588 396 931 223 847 161 777 758 11 956 646 681 71 122 250 303 872 508 25 173 823 251 33 
72 264 341 549 701 33 256 474 910 690 867 906 854 317 275 129 12 658 860 988 105 529 172 325 158 852 373 928 461 817 160 335 906 284 109 731 561 844 430 940 328 853 939 385 430 472 751 804 296 556 734 393 328 785 569 337 329 321 761 756 162 13 795 786 544 851 310 765 813 46 950 4 368 428 640 403 834 580 447 701 21 690 393 662 767 411 521 894 214 72 933 633 369 434 210 298 91 894 9 50 315 104 79 87 690 433 408 600 25 373 583 652 102 408 553 230 744 544 190 981 860 369 864 217 139 761 845 711 155 813 212 857 900 954 938 266 684 275 372 831 953 412 398 527 557 149 95 120 668 745 64 573 667 483 43 131 518 618 787 33 825 735 954 530 215 964 38 751 352 43 732 592 124 801 341 969 441 682 554 101 162 605 192 215 204 734 430 848 669 76 893 569 556 789 321 294 524 133 172 221 29 544 415 596 17 67 956 887 43 215 779 651 722 789 462 58 469 371 576 119 517 536 210 174 668 446 738 60 755 277 676 173 580 347 414 810 745 435 610 579 378 203 889 149 677 144 705 206 321 538 585 696 560 766 707 921 1 99 300 700 301 462 317 422 516 196 65 35 547 400 920 228 6 390 238 136 146 207 442 828 661 691 611 764 909 173 160 977 804 100 128 463 
603 773 289 530 992 258 478 280 287 515 290 563 652 413 89 281 170 344 456 377 318 759 43 158 457 274 931 583 291 332 614 39 241 156 540 239 279 777 193 149 802 625 941 371 902 839 620 29 499 203 754 895 750 347 694 5 432 151 813 984 26 585 248 863 417 595 553 963 537 89 190 250 28 913 510 151 711 268 638 376 896 749 121 386 150 8 923 907 708 55 666 658 665 185 302 846 442 294 329 824 164 923 230 202 81 840 491 476 10 145 658 756 412 833 760 909 632 489 423 893 835 306 63 717 586 516 41 165 491 631 189 854 120 823 913 302 323 222 918 393 21 981 79 783 537 549 374 777 122 376 547 572 455 665 117 369 564 203 930 636 67 798 539 173 932 947 967 926 448 675 302 264 850 888 822 610 565 635 699 375 597 316 950 542 790 675 61 958 39 916 360 740 268 217 301 493 106 649 832 498 218 816 756 871 743 474 373 197 866 506 696 37 185 974 552 580 610 936 46 700 3 881 611 515 668 746 402 229 96 512 997 834 343 907 22 928 677 259 358 728 998 371 579 788 518 996 425 70 345 288 728 563 424 289 203 442 284 784 666 543 416 696 45 183 217 670 830 417 389 948 888 507 371 500 174 452 924 432 826 652 53 708 67 843 278 37 465 249 997 387 238 682 
598 81 176 790 171 522 989 301 16 416 707 359 904 364 770 131 528 98 568 768 960 879 316 852 274 834 138 625 344 632 305 144 549 868 644 889 240 404 728 503 216 988 783 324 402 648 596 821 464 3 293 749 484 47 705 218 387 844 524 422 99 296 644 694 511 666 352 301 243 919 416 366 535 199 1000 353 302 589 994 823 247 974 369 598 564 663 656 683 724 245 650 807 708 846 119 196 666 312 626 870 403 287 751 729 51 708 377 507 727 285 341 385 21 790 159 259 240 336 665 344 258 261 525 453 961 554 667 802 556 791 154 884 369 763 124 792 754 803 627 330 157 248 252 891 860 202 967 414 722 417 636 681 532 882 227 121 844 740 319 617 831 494 289 671 27 59 615 35 22 589 93 286 128 940 999 886 570 114 626 758 89 779 794 54 105 822 30 2 723 117 20 575 506 101 774 408 626 544 953 419 342 185 407 943 352 659 703 184 121 14 223 203 413 388 570 744 979 713 126 759 240 132 961 789 317 781 937 229 575 657 241 726 578 840 218 781 213 37 755 842 600 623 758 525 414 191 868 293 89 521 282 338 34 938 398 284 984 373 115 504 792 646 616 445 18 272 845 928 424 385 475 341 407 932 568 636 492 377 489 551 195 288 34 770 937 38 147 874 867 357 611 640 
631 725 162 393 352 134 350 21 407 428 944 721 68 105 954 87 193 201 546 668 245 763 86 373 931 138 457 313 833 14 768 882 226 605 413 320 907 682 216 286 664 47 395 738 262 971 605 345 875 152 568 407 159 202 149 95 12 938 597 925 574 15 804 757 815 102 99 517 569 71 532 918 853 1 458 540 690 953 56 728 554 881 630 934 999 383 951 657 419 370 180 762 748 572 695 191 546 853 535 698 984 567 973 634 734 948 72 311 727 136 93 71 898 317 589 822 617 547 585 215 517 671 150 191 595 134 57 106 862 716 303 688 592 985 163 761 170 529 908 715 12 712 758 221 921 405 341 342 163 670 605 328 980 601 379 13 11 93 826 884 977 18 853 119 648 759 982 4 266 846 744 600 626 872 121 475 201 847 894 632 621 97 297 685 662 135 859 572 347 738 986 414 684 367 759 774 953 600 134 179 486 812 258 645 513 994 552 993 295 684 864 34 697 738 486 678 491 651 590 724 228 755 992 968 935 995 847 399 435 684 803 862 846 955 315 867 136 69 833 231 478 565 291 604 469 26 421 674 965 588 844 788 886 41 966 633 105 493 451 272 253 922 541 892 873 228 532 193 512 656 893 124 548 856 974 224 426 113 196 363 266 170 53 981 208 508 347 266 883 231 236 17 
930 930 397 191 361 478 76 181 478 215 188 444 217 656 820 568 961 946 521 892 744 322 543 928 583 625 313 998 972 558 88 162 60 665 812 113 476 823 178 253 306 727 753 346 528 389 692 456 575 796 981 927 713 922 259 185 909 500 186 336 669 441 981 107 798 110 468 817 460 284 446 343 641 431 74 209 727 655 732 221 997 599 311 335 394 942 87 821 231 100 497 559 325 165 908 908 873 926 622 823 978 576 4 661 454 189 413 381 83 695 396 723 349 778 670 30 113 341 872 950 725 797 839 181 675 186 54 806 501 122 937 346 93 604 778 457 311 960 332 560 526 195 523 258 813 4 410 810 493 847 294 660 609 960 404 184 574 912 268 881 729 824 573 875 886 406 410 689 436 240 238 744 502 933 553 561 126 973 315 884 271 764 305 887 81 627 329 689 191 207 788 933 255 713 146 138 182 896 746 606 207 101 275 350 796 43 342 297 144 677 186 140 719 636 161 222 822 855 348 904 894 431 208 754 149 742 456 287 667 809 500 16 807 767 51 410 560 903 963 490 123 908 101 258 909 967 79 26 416 989 991 861 515 856 359 239 588 334 143 98 390 833 207 398 115 422 598 755 434 560 286 404 518 674 310 214 297 190 193 700 7 772 536 991 934 867 737 358 972 728 647 851 
884 699 43 633 552 771 981 527 326 404 491 185 225 618 267 200 437 347 886 706 977 608 859 461 291 344 833 972 308 186 695 747 865 302 895 200 780 420 873 261 795 5 673 43 864 204 385 450 967 786 518 728 753 60 132 765 972 741 733 837 456 550 361 901 144 263 24 416 198 625 659 610 354 172 402 821 373 978 902 798 232 976 235 981 1000 238 488 316 180 246 683 989 818 247 139 875 876 864 679 582 798 416 283 530 739 403 291 951 992 768 165 408 256 233 241 40 494 686 316 876 358 507 964 348 802 29 971 488 38 583 282 362 845 43 918 274 781 92 234 726 714 632 776 535 252 740 984 890 50 644 146 717 161 461 39 489 458 400 970 730 630 220 162 518 410 576 535 197 969 397 887 997 651 736 445 596 942 58 991 523 76 2 472 568 453 27 309 292 967 495 71 201 491 937 974 639 478 400 781 88 246 375 556 201 761 24 725 438 366 323 903 121 837 710 255 813 659 614 910 822 771 588 763 758 637 524 127 959 64 874 479 757 829 929 223 557 743 938 127 685 683 358 287 335 572 985 502 906 99 998 761 135 598 356 974 784 77 982 277 766 640 751 750 68 5 316 441 182 58 612 621 10 758 253 441 778 226 187 302 882 500 523 136 13 583 74 568 303 842 94 680 603 
431 875 560 629 906 577 320 907 391 212 43 248 187 441 877 874 267 451 193 607 351 202 663 817 332 632 14 558 186 870 539 671 135 50 867 362 699 643 785 325 788 312 536 20 41 797 426 438 385 175 975 948 894 954 9 667 223 108 618 330 672 354 142 930 834 715 101 7 626 454 20 908 846 753 538 360 310 453 902 297 460 395 399 33 885 664 87 439 359 937 86 334 166 880 156 782 925 512 264 1000 669 961 168 246 588 863 807 503 640 427 825 44 631 447 900 170 913 962 963 951 587 727 363 302 912 616 710 400 943 737 893 430 797 684 358 107 125 132 464 252 207 438 892 839 713 283 711 401 913 623 782 547 402 176 631 427 615 938 892 955 265 29 348 8 34 222 879 901 922 798 189 213 290 552 623 737 155 638 751 291 510 873 174 650 517 634 427 380 874 934 550 805 459 326 237 807 347 224 441 482 986 894 502 307 394 984 321 659 764 146 982 675 63 886 828 500 51 150 991 354 683 283 483 150 852 290 607 907 73 962 68 194 62 52 563 949 510 445 876 36 365 605 435 295 237 367 304 803 189 44 298 869 775 226 261 839 349 194 603 667 715 444 290 286 54 616 596 20 703 344 806 781 990 96 565 847 352 892 529 228 834 716 718 116 896 747 18 104 925 726 426 72 
235 123 781 354 395 235 31 956 525 698 102 274 987 503 745 288 138 513 393 859 24 121 990 160 614 305 768 88 695 539 63 689 89 969 174 130 26 921 715 573 792 599 825 694 715 338 714 25 909 711 113 543 899 570 897 524 869 486 590 802 75 594 537 711 118 76 832 865 113 795 284 539 561 707 745 769 430 132 217 8 491 122 585 149 449 595 502 552 36 150 38 4 541 10 704 471 949 484 187 882 482 214 376 309 583 894 630 182 19 637 865 760 610 637 295 733 633 745 458 202 1 305 198 329 265 405 515 367 205 185 601 533 541 969 638 349 290 503 88 150 34 116 905 193 123 281 819 792 884 651 365 904 507 135 559 279 216 379 986 737 831 993 106 139 907 220 559 434 291 159 30 71 556 802 434 443 149 885 814 844 784 602 374 924 418 695 160 456 440 323 534 428 977 751 917 794 754 752 266 228 561 573 96 195 152 238 355 215 800 130 599 939 567 29 757 4 678 881 250 435 651 462 326 72 573 736 771 108 388 869 344 396 636 354 615 497 302 321 109 747 68 119 959 460 160 709 955 570 736 310 244 968 185 355 243 965 66 943 971 153 825 810 96 568 268 117 563 721 590 106 487 233 90 724 565 703 755 105 840 374 271 357 382 167 264 82 532 572 832 113 725 127 
40 152 389 629 318 615 787 538 54 129 406 352 782 398 468 984 510 256 239 132 117 853 994 335 39 144 882 162 747 671 689 337 887 875 691 174 432 504 573 863 206 526 83 435 792 308 917 76 473 937 918 312 184 79 61 185 960 527 715 316 142 144 798 237 512 900 279 459 346 762 109 5 741 837 593 772 429 317 564 286 785 228 368 23 748 331 401 395 324 162 708 616 798 670 479 229 806 328 525 378 893 330 142 283 301 808 442 71 580 970 561 412 173 263 455 625 234 633 849 757 8 732 923 877 848 901 26 649 128 223 778 954 697 401 455 305 589 56 454 155 508 668 589 183 837 312 722 635 425 194 566 512 620 424 401 971 627 692 209 954 951 248 129 611 599 310 401 208 14 285 700 48 54 138 783 422 650 687 618 719 649 894 679 563 569 180 366 715 215 291 273 135 441 620 896 518 78 506 396 231 647 398 301 622 432 709 88 89 275 693 614 117 435 236 941 518 22 120 113 68 556 59 677 992 729 842 519 858 910 965 575 455 184 844 81 334 517 884 984 624 200 986 703 755 774 317 151 33 332 437 739 551 955 132 970 406 556 51 287 639 432 390 755 678 833 118 687 799 474 152 142 220 857 597 748 827 474 936 190 853 993 347 563 978 267 533 763 216 476 287 760 38 
917 328 937 221 143 590 71 571 93 955 589 653 857 573 141 23 940 390 459 452 47 559 475 906 241 549 226 60 865 135 89 887 590 864 933 263 517 41 121 483 927 284 200 699 439 215 581 850 648 137 86 912 277 646 81 449 956 222 462 540 822 614 320 537 283 64 999 826 638 461 803 129 922 716 388 91 908 582 933 740 634 626 343 83 405 515 465 650 618 949 251 467 659 590 112 432 595 609 751 353 722 669 36 853 724 959 880 654 589 919 488 816 864 648 939 98 906 977 812 506 199 713 364 294 796 836 585 898 838 490 12 388 746 746 963 993 988 347 620 302 146 451 560 664 200 266 513 869 578 974 297 65 643 76 26 182 841 511 394 726 436 683 792 507 343 410 648 836 492 506 592 273 603 953 236 274 796 208 297 628 127 684 32 919 494 941 371 673 242 922 219 710 44 652 707 894 223 439 571 501 483 763 781 408 72 633 108 535 586 50 684 271 511 858 186 708 248 668 321 664 479 322 652 521 48 158 475 613 371 168 981 446 712 119 362 187 873 404 160 895 179 721 40 93 675 96 710 232 313 346 163 516 256 192 462 447 287 439 810 255 700 374 389 805 253 660 127 379 566 992 801 243 279 308 279 672 43 191 532 723 737 365 281 395 156 117 712 503 337 345 607 374 
14 751 943 405 13 494 258 115 396 122 117 891 832 989 198 530 877 894 850 746 814 202 672 284 156 868 605 665 302 50 969 875 864 824 830 780 268 757 147 140 786 137 910 253 732 553 563 114 158 95 890 753 313 13 390 328 182 247 580 144 400 60 675 792 571 40 388 707 331 87 993 935 62 666 245 14 606 249 68 553 395 492 320 128 624 547 874 616 80 790 888 802 441 460 55 311 312 120 543 150 910 588 765 317 277 708 564 860 139 482 335 320 863 940 759 723 35 161 376 996 813 530 567 87 70 969 716 926 835 895 400 861 693 124 455 277 855 136 145 902 261 916 926 37 506 664 239 650 762 446 23 18 709 667 201 833 384 227 415 27 638 550 46 728 400 888 526 881 773 813 310 571 514 576 928 354 260 447 264 293 381 67 975 212 440 298 47 327 654 514 74 935 216 499 369 352 815 511 802 72 981 868 147 269 484 565 62 446 621 906 307 421 93 958 153 120 518 150 992 729 360 559 805 243 648 433 90 851 603 873 891 947 833 267 238 99 522 268 959 201 69 599 232 224 376 513 588 880 415 535 445 39 470 505 262 13 24 117 112 674 338 679 218 632 504 700 554 909 868 228 499 419 421 305 949 360 951 316 689 795 827 14 596 209 79 97 143 735 471 673 323 174 
10 183 71 929 407 350 91 650 456 476 54 401 61 352 924 806 724 277 851 514 815 41 310 109 540 644 413 812 895 867 174 691 933 830 970 309 855 463 402 357 339 102 147 907 554 733 220 240 757 627 991 303 324 194 711 319 695 526 45 342 816 331 985 518 226 251 201 369 282 560 643 297 378 117 727 79 933 77 145 838 986 334 879 586 271 726 495 595 917 36 835 626 955 380 904 974 120 606 136 889 400 944 220 613 272 689 757 967 532 408 811 111 641 495 452 722 197 452 51 198 234 107 656 650 722 556 880 184 9 228 200 228 835 286 277 791 908 9 117 619 182 72 876 187 267 551 492 597 447 251 419 471 198 946 330 837 444 292 898 437 260 67 7 643 200 433 918 175 127 596 119 51 637 811 354 658 144 492 760 372 837 933 775 135 24 376 898 405 922 405 319 773 763 452 166 950 674 147 631 703 609 340 3 750 527 810 886 155 320 743 881 199 918 737 87 22 482 415 808 792 940 277 69 255 507 664 862 404 503 211 176 781 66 839 129 557 948 342 697 87 194 969 141 349 99 518 915 724 545 773 572 615 65 525 301 317 159 741 885 279 880 8 81 562 665 287 401 471 262 733 409 285 15 576 773 935 140 950 996 328 200 44 958 97 3 950 656 333 405 756 988 365 
