241 314
671 970 276 945 151 572 621 717 429 85 339 24 98 553 977 495 61 830 118 840 64 812 281 232 953 935 964 371 86 239 678 305 831 846 910 534 750 344 601 727 104 51 258 523 375 22 718 554 614 974 692 624 58 988 894 473 675 806 287 578 335 207 640 69 80 441 126 646 104 511 969 902 402 33 736 914 688 459 112 263 625 594 819 308 312 628 948 24 939 363 966 228 427 252 618 972 772 668 115 889 589 112 607 60 297 113 844 515 731 682 84 910 797 937 803 475 672 426 35 940 578 476 807 801 186 383 795 500 737 253 381 119 301 269 138 328 950 867 984 959 697 570 859 248 100 660 133 548 28 144 364 647 854 571 196 145 947 958 595 734 249 158 556 856 392 598 514 881 201 405 844 71 770 804 222 139 117 865 672 905 498 557 94 367 656 591 212 283 448 123 250 850 979 774 592 556 654 641 120 289 762 721 54 369 15 438 404 600 543 914 388 840 787 193 617 6 992 488 895 993 88 990 313 232 118 574 26 419 247 288 818 319 873 493 384 878 638 482 973 607 76 998 473 987 984 140 125 955 574 583 133 74 818 837 527 976 876 380 97 965 891 506 682 978 494 435 465 702 576 935 634 440 370 717 72 512 911 159 730 669 850 282 623 693 104 66 412 2 131 178 709 610 754 991 487 396 33 259 449 833 525 901 577 187 306 119 703 72 393 488 193 406 660 819 
970 668 39 491 34 737 429 836 265 975 161 960 795 358 788 985 793 854 354 385 402 5 378 253 980 617 68 246 218 972 960 279 872 346 562 532 629 653 762 27 684 160 400 214 371 142 369 275 619 126 474 775 746 258 329 766 737 646 917 537 968 633 239 862 863 698 237 275 463 311 982 95 5 637 794 98 538 395 692 823 583 92 199 388 234 922 573 494 941 866 285 459 613 231 808 391 424 100 689 889 168 319 179 522 675 511 166 38 665 484 165 605 502 817 424 88 401 13 901 891 631 7 555 421 833 629 916 99 988 337 54 351 465 133 977 690 376 398 892 377 791 33 469 293 310 140 493 148 431 297 274 527 479 909 223 29 772 780 105 584 505 177 10 716 584 474 334 841 588 1000 484 867 747 427 515 295 953 558 87 430 956 248 243 193 53 171 786 293 302 835 18 247 497 410 439 536 535 61 132 270 477 615 623 332 655 921 335 332 645 29 181 823 104 706 984 409 402 193 235 339 608 490 276 777 386 502 76 290 684 727 203 673 556 778 508 316 882 451 42 170 228 555 240 888 299 525 649 767 548 143 410 81 448 721 913 580 550 788 546 572 25 919 449 722 409 234 355 356 628 906 787 811 965 448 638 895 917 852 559 971 452 446 799 630 584 665 96 898 580 125 640 285 597 349 576 106 885 46 285 322 725 469 650 222 360 371 857 870 942 996 234 413 131 677 
276 39 556 118 761 967 592 203 113 921 543 623 996 563 17 783 322 799 320 32 169 524 84 980 815 606 8 573 681 628 308 626 463 101 996 374 719 980 584 604 580 776 12 303 2 897 857 950 879 329 800 671 775 394 347 212 65 172 94 189 215 426 965 753 605 871 667 561 928 981 63 851 285 186 825 17 467 377 221 183 21 649 283 721 495 113 133 122 761 808 32 799 951 607 62 659 260 570 576 558 947 411 566 344 260 575 711 719 367 325 774 481 69 982 281 742 946 593 562 38 14 676 480 796 538 148 121 646 525 422 821 822 1 486 339 555 856 903 726 151 805 596 436 829 287 311 410 229 584 881 714 719 506 758 60 811 320 847 93 291 384 931 936 961 706 543 231 835 170 402 534 746 830 925 663 771 3 422 134 815 272 595 748 558 370 832 790 829 673 369 785 249 436 457 627 310 494 308 490 65 2 456 743 879 162 506 552 450 640 9 101 916 171 638 938 995 161 112 572 458 820 426 751 66 250 792 420 974 573 550 116 621 512 337 793 304 457 26 421 955 839 721 727 699 857 97 482 790 37 224 88 738 634 210 86 979 162 896 629 633 582 509 517 254 947 853 380 27 586 940 311 358 183 895 460 269 889 198 542 526 656 614 288 252 451 737 245 271 91 81 540 886 321 849 77 597 764 548 880 48 510 890 870 755 322 273 668 634 396 267 661 28 199 292 
945 491 118 228 456 304 826 234 294 704 566 853 65 716 803 125 315 970 424 210 743 827 524 320 76 606 34 72 565 54 295 828 543 355 590 930 632 39 2 72 219 634 405 739 713 582 701 675 611 554 924 154 369 453 280 969 724 373 598 928 943 463 13 574 13 324 942 488 632 319 44 92 918 587 930 361 360 583 305 419 7 11 255 162 803 365 963 377 59 287 306 832 208 91 704 996 717 267 946 182 768 88 306 864 529 260 692 942 623 952 277 894 77 245 9 26 725 409 333 952 672 68 304 759 409 42 464 180 601 87 192 724 215 122 538 274 762 884 244 780 182 544 195 844 566 112 826 18 238 243 878 21 61 181 294 894 986 340 629 168 943 79 114 674 743 837 14 123 562 34 24 281 205 574 737 404 417 532 283 786 207 66 238 34 48 496 270 437 570 578 271 990 16 205 943 175 438 705 252 378 65 208 553 542 612 428 345 376 896 530 546 769 840 733 629 509 747 550 559 180 499 418 783 15 508 504 367 533 293 687 750 377 255 325 87 387 658 537 250 494 313 40 872 241 649 334 572 935 444 136 929 619 147 710 211 986 19 760 26 786 772 877 331 167 691 841 883 479 736 581 60 847 990 952 262 112 642 924 777 952 868 92 172 922 51 756 309 601 485 453 96 287 626 85 643 779 167 92 83 364 191 208 719 308 373 216 186 743 283 944 342 160 307 668 
151 34 761 456 431 837 76 521 192 325 634 547 255 769 499 491 808 568 198 516 422 15 702 901 539 17 1 902 4 7 546 98 731 112 383 851 256 941 325 235 632 199 982 208 410 390 436 622 860 857 213 626 34 757 506 812 208 485 370 405 953 881 911 476 95 853 561 967 594 658 382 777 586 619 954 838 741 951 41 920 903 734 968 408 14 595 953 288 120 184 352 133 679 314 6 574 426 322 73 348 428 724 148 530 112 770 327 916 321 570 51 154 819 137 189 495 315 106 418 30 500 921 19 78 885 25 269 824 893 383 417 401 615 466 98 510 306 764 557 171 494 176 929 788 533 232 301 831 96 586 630 128 859 489 298 71 28 63 349 409 495 494 103 134 162 758 302 638 103 448 668 298 66 848 829 180 287 140 455 550 221 554 629 398 958 168 398 824 739 844 526 697 881 509 476 269 262 445 90 385 864 215 907 858 736 788 549 700 984 597 885 415 219 636 654 655 764 606 767 578 787 800 439 817 450 725 48 739 482 306 539 976 100 273 11 458 510 730 193 68 153 370 397 527 633 62 642 828 110 786 980 300 659 346 513 73 634 526 778 738 887 707 300 34 899 830 324 491 436 451 595 859 442 300 31 769 56 784 881 996 579 909 6 335 435 996 380 376 235 583 875 129 532 25 387 856 190 525 990 780 27 806 809 154 201 339 253 210 480 748 971 199 844 734 
572 737 967 304 837 745 722 644 926 973 417 213 786 531 753 402 725 818 819 974 168 44 692 857 328 680 74 747 368 950 340 603 864 747 731 403 565 922 8 86 945 222 972 969 597 84 754 730 833 644 146 552 473 77 203 962 145 842 445 32 84 489 701 531 301 244 115 730 531 765 738 901 969 55 133 451 511 236 253 778 959 865 329 592 689 107 49 464 320 208 442 700 600 97 555 212 443 234 311 320 528 329 535 402 135 192 539 908 696 284 537 477 230 319 64 351 880 296 832 252 181 626 656 926 345 340 848 976 19 7 798 332 212 215 336 76 82 640 936 396 503 868 104 273 559 240 814 613 645 714 22 829 191 831 345 135 338 499 58 412 869 1 690 359 871 304 118 861 611 201 826 586 124 548 152 550 529 914 237 657 472 690 228 748 535 488 995 199 832 446 539 883 672 225 153 161 776 170 551 642 338 273 202 575 856 540 11 669 429 638 675 748 235 312 386 24 844 301 303 389 446 916 793 163 837 295 69 81 447 54 195 982 958 433 272 994 523 900 327 238 371 147 281 262 844 540 112 874 927 822 813 345 954 783 741 948 459 938 60 320 774 435 692 7 440 473 276 444 364 491 260 224 250 803 743 638 747 781 733 58 656 955 965 421 645 237 447 431 283 180 79 206 970 915 721 829 839 49 54 981 996 562 140 764 403 20 477 581 513 861 179 759 390 604 
621 429 592 826 76 722 56 486 47 66 153 894 478 207 835 867 515 279 542 169 609 459 255 302 1 468 592 194 834 600 619 782 454 202 604 643 308 822 680 97 750 422 269 768 816 448 185 62 902 774 198 487 304 331 852 238 620 309 4 232 600 656 402 919 143 839 625 258 332 744 860 92 637 658 504 333 109 641 690 277 957 999 694 602 756 26 273 252 671 619 451 113 802 973 983 435 659 202 675 845 327 878 221 230 834 583 281 159 80 323 749 638 830 403 55 898 84 720 752 609 864 197 965 927 920 574 258 347 50 380 657 309 103 381 610 351 191 516 481 229 54 534 531 963 859 937 464 941 175 852 990 638 649 947 209 393 59 508 372 413 261 252 275 792 251 736 524 183 844 402 327 143 1000 89 859 868 683 241 457 133 647 934 125 610 936 846 975 367 369 654 837 251 18 907 370 560 267 708 442 455 871 848 884 461 647 157 174 807 510 308 652 441 268 823 845 549 528 125 72 258 780 229 259 68 331 840 37 732 279 539 573 93 650 166 711 512 978 369 491 654 237 434 326 49 380 598 653 736 534 9 284 224 187 736 769 776 143 836 821 860 240 909 420 643 188 253 289 966 889 21 290 735 478 650 761 557 865 300 61 121 411 754 794 363 342 400 973 31 527 542 905 809 813 513 440 73 637 789 977 185 381 26 244 948 619 444 53 166 330 576 942 530 472 526 
717 836 203 234 521 644 486 931 457 564 788 205 656 203 45 967 201 309 541 858 10 253 810 95 49 243 855 422 506 579 667 496 757 63 166 562 844 748 81 686 197 589 295 243 745 151 655 667 378 484 510 239 171 755 535 23 651 900 945 471 47 298 219 683 957 580 975 199 701 812 201 316 107 755 566 268 422 450 249 165 481 805 589 72 439 718 75 666 678 71 876 172 695 539 73 45 755 542 699 407 128 652 770 540 180 449 602 817 750 147 283 686 286 574 283 660 838 501 461 72 837 165 56 645 931 655 658 764 472 332 809 323 479 444 134 70 495 981 875 929 289 619 983 245 322 135 848 843 321 745 5 487 477 813 764 417 826 461 273 259 579 743 626 826 434 710 157 955 413 864 449 653 592 74 298 226 900 521 715 878 655 642 796 561 632 824 968 160 772 510 804 287 52 462 510 581 351 495 199 850 533 81 475 691 18 895 567 262 629 188 917 404 688 975 122 61 901 382 54 410 66 506 852 922 403 738 212 74 696 346 755 131 351 737 385 141 535 987 468 272 52 432 814 94 237 769 662 772 876 390 244 928 475 968 992 195 801 27 445 732 69 181 506 399 988 24 12 603 72 509 985 968 161 819 213 922 45 791 913 445 334 585 26 417 824 184 361 371 30 264 464 184 789 800 43 589 74 869 316 452 780 526 527 735 196 608 634 978 745 362 379 304 962 38 
429 265 113 294 192 926 47 457 231 357 452 952 731 957 12 91 941 524 493 584 302 56 61 587 130 183 538 392 39 919 547 543 947 799 597 572 670 716 674 570 740 680 299 873 804 281 651 494 108 641 666 922 609 415 970 537 311 569 226 453 397 828 644 92 572 436 289 344 91 30 528 16 898 64 867 88 372 929 761 414 16 637 842 475 394 911 659 271 677 884 617 473 649 793 663 719 771 492 629 617 245 863 574 374 265 92 662 836 89 949 932 19 337 782 319 250 505 890 297 110 420 15 613 707 668 183 501 102 46 462 705 529 621 949 596 510 368 941 146 383 588 710 918 796 879 782 369 806 774 159 602 454 340 803 560 258 852 276 852 762 55 170 901 823 99 314 571 46 361 417 330 895 437 707 54 755 850 653 806 65 674 102 968 215 414 702 825 352 946 234 87 955 260 201 250 658 287 614 466 248 675 74 99 950 636 212 524 999 514 993 272 185 579 487 258 465 608 202 369 675 606 280 523 162 967 849 694 420 34 799 825 522 589 479 38 874 665 777 944 840 383 100 333 304 122 203 88 476 147 862 790 189 984 671 697 821 134 556 979 987 530 143 800 998 281 24 692 253 356 275 859 837 408 5 303 340 991 672 466 296 167 586 362 164 456 341 786 605 410 553 376 384 128 365 272 634 549 37 684 341 637 544 468 840 871 284 502 878 978 360 769 21 140 503 
85 975 921 704 325 973 66 564 357 349 133 896 15 963 492 816 702 633 876 577 721 415 530 668 752 773 678 438 596 808 881 158 898 39 881 99 674 300 744 167 123 420 21 950 364 845 670 523 149 298 137 57 743 914 858 545 405 927 880 996 713 791 220 986 378 288 240 616 998 555 860 66 358 151 70 730 302 18 92 495 421 873 73 815 20 134 797 514 414 880 822 945 949 269 160 478 339 491 319 659 847 943 912 370 342 900 576 900 783 139 944 156 575 957 981 747 158 4 499 777 973 936 603 364 766 794 813 828 501 359 125 668 215 840 43 255 795 717 796 212 990 759 161 650 345 247 11 557 815 755 69 740 609 992 68 629 654 558 372 619 664 836 923 795 469 367 213 81 262 218 137 82 66 510 392 954 109 502 134 797 886 428 914 61 234 415 851 917 388 666 300 939 364 139 583 944 80 355 479 592 837 89 815 398 469 305 347 914 609 426 395 675 163 981 242 827 871 549 719 546 224 174 758 884 297 27 388 116 978 460 864 28 57 668 119 97 766 447 301 900 311 708 436 936 294 872 254 685 386 595 840 253 554 968 329 206 511 684 375 981 42 203 409 238 627 51 528 737 757 208 811 463 126 363 360 362 975 253 29 797 139 344 975 71 866 506 909 49 599 991 74 389 833 543 665 876 841 828 443 240 362 101 775 522 142 471 320 355 374 691 256 107 640 524 
339 161 543 566 634 417 153 788 452 133 760 435 936 945 693 557 110 756 734 276 769 578 220 310 214 774 889 920 890 657 971 773 431 453 449 910 928 823 368 181 344 769 410 402 194 874 679 313 836 586 393 181 685 535 610 30 84 380 70 276 281 332 640 479 915 268 620 704 13 577 208 521 923 789 288 439 698 225 425 521 639 840 210 580 7 921 846 502 987 212 339 438 222 65 328 821 964 815 873 592 192 924 866 446 518 431 851 706 744 990 35 287 654 990 945 705 990 839 592 431 202 702 825 478 312 320 125 65 345 926 992 406 872 782 566 123 273 823 905 563 323 97 820 408 138 828 646 132 283 552 336 57 523 434 22 187 865 249 878 921 660 650 833 73 566 57 228 82 790 461 35 609 228 450 638 423 659 578 913 516 118 598 437 340 211 879 379 886 166 964 386 430 835 681 980 730 314 372 732 553 547 856 865 797 866 200 472 482 360 472 858 82 199 519 233 928 357 47 96 303 370 721 827 464 782 707 473 993 875 486 38 745 401 506 107 703 687 861 161 858 546 718 920 517 965 981 619 500 439 217 477 238 915 47 944 838 591 290 464 765 458 33 450 185 472 2 665 870 513 112 595 55 177 916 669 87 481 342 475 577 610 284 426 818 258 768 240 121 948 829 176 120 607 555 736 834 639 71 915 547 289 73 133 312 524 562 992 742 627 932 465 630 262 106 
24 960 623 853 547 213 894 205 952 896 435 236 180 638 735 881 476 284 483 879 203 967 881 117 301 677 711 303 734 919 847 588 738 359 952 368 474 518 87 845 978 623 661 3 96 23 201 936 825 569 55 600 609 593 680 295 601 419 635 272 779 538 608 776 644 793 643 39 990 106 239 251 545 308 639 49 459 326 740 600 679 895 456 177 670 840 436 279 475 611 608 968 624 727 678 173 280 168 65 36 600 765 762 734 126 390 933 510 604 691 71 867 936 188 288 296 698 515 582 797 11 462 749 94 619 287 680 293 341 954 672 553 2 625 478 326 361 830 159 458 797 294 307 871 826 578 909 686 669 18 454 289 833 866 754 124 837 952 799 694 724 657 242 653 42 469 284 445 218 109 836 405 652 384 678 933 807 199 793 851 39 701 253 715 685 145 246 944 102 739 57 561 414 996 61 847 217 9 269 162 953 105 278 415 99 927 121 133 821 773 555 879 239 588 770 594 230 385 508 595 109 216 351 742 441 875 587 673 95 229 672 316 997 604 13 375 264 44 309 655 653 643 74 554 870 111 276 655 638 556 897 917 620 80 178 253 542 30 403 729 972 730 844 20 456 173 511 575 740 960 1000 523 191 585 688 627 125 686 181 267 843 9 278 518 185 962 912 461 652 533 181 256 831 926 371 306 528 667 613 813 167 434 76 944 546 687 684 700 210 522 596 852 742 288 
98 795 996 65 255 786 478 656 731 15 936 180 599 176 502 66 550 647 156 598 61 689 735 357 938 33 678 678 838 615 662 806 278 318 652 766 304 298 625 829 720 326 3 155 981 602 221 48 725 304 397 528 476 910 12 729 538 543 675 410 110 611 80 981 222 600 485 600 70 803 40 872 336 610 185 679 325 98 131 153 334 905 932 885 150 542 550 812 313 855 896 458 251 200 309 864 848 189 128 877 48 85 568 578 574 604 923 342 473 423 962 405 153 473 233 614 923 211 86 188 462 617 949 629 586 408 62 148 229 390 325 477 301 254 322 618 514 76 337 385 785 10 263 626 23 433 99 986 92 283 501 76 722 557 90 52 446 913 891 851 212 123 19 825 598 686 110 745 253 321 747 583 260 467 373 91 272 416 548 874 600 54 616 58 252 986 486 982 44 932 539 493 78 643 227 1 834 135 324 206 790 813 24 665 570 922 138 557 138 143 145 325 304 182 786 806 900 377 643 611 679 416 743 65 498 976 853 780 993 839 667 18 526 701 625 582 876 367 503 547 968 319 293 371 251 561 921 977 91 242 286 876 148 238 583 143 728 487 185 746 500 495 348 308 148 164 942 551 857 161 308 682 400 421 255 373 786 367 846 626 249 332 98 337 485 926 443 464 33 539 318 492 787 903 967 52 593 208 798 163 602 144 873 804 794 68 46 755 132 170 561 482 829 752 
553 358 563 716 769 531 207 203 957 963 945 638 176 472 278 652 440 481 723 586 950 157 194 700 569 269 778 545 417 428 167 609 449 739 225 550 548 489 521 912 947 80 253 53 550 643 444 985 997 916 869 912 303 353 54 232 729 656 711 408 907 458 941 434 226 380 36 813 493 462 999 990 85 193 288 765 49 598 955 326 770 97 854 428 349 481 504 640 605 413 318 373 610 331 375 667 19 194 969 722 84 612 448 784 363 88 520 227 73 783 587 212 824 294 838 918 953 862 602 173 366 101 653 864 855 167 294 293 613 916 49 92 977 170 651 423 310 807 397 710 462 631 803 330 638 276 765 181 843 440 826 255 108 185 149 648 41 349 539 192 696 452 572 500 252 666 682 811 406 965 838 895 762 742 21 169 997 419 787 985 730 663 969 757 46 230 646 805 905 263 227 875 195 216 906 554 604 498 715 972 115 25 197 749 946 620 727 217 717 515 151 804 807 451 327 808 173 95 976 376 943 867 881 63 559 713 611 309 1 675 600 89 772 36 984 801 849 552 442 145 461 579 394 387 705 3 427 367 216 427 227 633 370 810 452 259 323 807 167 933 716 765 975 850 545 46 296 786 813 812 910 242 382 893 68 113 313 753 687 267 832 241 398 887 707 164 907 328 696 762 861 428 373 792 696 720 395 375 469 850 655 142 59 131 327 343 933 252 342 259 833 323 796 962 
977 788 17 803 499 753 835 45 12 492 693 735 502 278 235 867 86 810 532 616 997 548 461 721 676 562 795 722 568 249 428 334 901 839 357 665 434 195 434 435 908 26 152 801 594 145 906 478 423 846 827 802 374 172 899 134 428 553 63 202 46 146 156 565 57 939 331 785 80 799 90 218 733 470 140 822 598 772 87 487 839 848 749 467 94 406 61 126 935 640 281 536 972 874 470 681 972 624 224 128 718 72 576 987 737 670 338 642 609 316 408 822 837 111 251 20 877 945 435 344 923 182 624 70 656 426 698 355 597 799 380 397 763 279 662 662 174 632 585 205 795 62 600 116 977 371 308 67 460 614 76 588 642 204 301 722 676 449 439 556 261 791 880 251 359 492 164 995 70 391 929 16 605 476 908 744 907 309 112 762 250 332 264 474 443 433 440 31 207 680 829 979 18 624 731 175 802 310 369 146 800 665 51 89 493 934 63 634 20 356 728 536 823 532 536 387 582 645 279 794 145 894 661 696 222 436 62 995 501 989 998 332 820 46 759 618 885 835 390 610 643 809 284 981 739 661 267 678 875 241 364 44 531 180 343 660 335 672 9 677 95 930 322 488 627 735 108 386 828 411 620 201 536 868 467 657 342 528 402 851 587 749 39 694 275 673 322 581 664 278 746 983 720 108 197 990 179 115 130 810 955 535 694 909 939 139 878 61 185 804 412 226 692 936 
495 985 783 125 491 402 867 967 91 816 557 881 66 652 867 23 599 615 163 413 395 550 516 494 682 482 606 230 167 420 736 803 796 374 854 222 396 791 962 929 40 91 331 650 403 179 46 844 85 102 599 737 318 653 333 747 132 24 833 2 419 721 234 630 464 86 766 826 591 546 457 739 630 779 855 686 198 856 742 430 153 557 8 799 156 8 491 321 303 120 772 584 705 751 824 143 434 586 679 743 332 854 601 342 743 785 295 428 540 875 572 461 737 828 807 688 829 486 255 433 12 265 934 937 617 727 250 949 545 810 138 711 684 416 979 283 536 284 10 500 683 27 547 810 551 51 644 963 743 343 881 290 122 500 576 916 668 969 295 289 654 349 407 841 830 67 102 305 779 597 433 166 365 416 345 348 186 529 286 89 757 172 648 973 738 913 354 458 17 852 584 2 216 100 805 358 498 877 299 320 39 531 795 603 297 571 46 988 699 470 582 848 900 173 212 97 91 447 587 386 128 241 164 408 551 302 525 173 384 823 369 56 181 423 17 546 128 484 715 793 569 563 420 619 966 658 871 70 37 319 916 148 962 672 4 347 964 580 662 390 881 40 617 634 716 481 738 27 561 114 504 715 124 320 615 639 842 466 679 757 481 680 724 929 398 552 648 220 774 518 337 26 733 257 203 997 68 592 135 719 84 806 165 939 269 652 408 894 560 933 716 821 30 803 
61 793 322 315 808 725 515 201 941 702 110 476 550 440 86 599 229 381 549 217 376 812 402 191 462 968 303 471 758 523 142 326 133 422 329 13 206 55 134 421 333 430 91 934 151 148 437 590 701 955 57 296 410 376 235 87 617 266 949 174 8 21 314 2 233 601 417 326 35 269 261 734 993 19 399 263 724 895 587 86 316 411 379 7 13 338 436 922 815 311 172 261 43 50 899 430 308 570 989 656 112 612 152 107 690 583 111 249 665 888 346 438 644 547 309 863 578 648 243 817 74 120 852 613 239 762 162 18 464 168 827 35 631 164 638 604 550 170 29 707 199 177 650 798 939 925 782 945 495 588 474 612 32 987 798 206 372 782 334 119 507 355 108 815 655 85 679 602 503 628 896 999 199 337 883 783 499 815 766 635 45 341 552 212 451 690 776 80 114 12 575 443 767 556 985 475 383 960 484 755 75 342 361 139 607 512 838 887 386 868 525 270 588 339 397 551 793 365 172 987 225 446 861 263 818 858 153 665 577 372 771 880 212 342 630 377 937 455 601 759 698 57 972 106 988 463 849 318 260 314 409 895 441 275 784 595 910 196 900 80 211 249 894 993 304 582 969 159 923 869 286 239 377 887 698 736 341 224 629 153 210 514 912 332 433 860 369 399 225 93 443 432 439 64 29 886 385 509 817 855 414 753 988 703 713 39 95 54 327 38 527 456 748 30 
830 854 799 970 568 818 279 309 524 633 756 284 647 481 810 615 381 563 753 648 455 711 356 31 77 686 582 360 877 67 498 302 417 471 429 976 157 289 290 657 407 165 662 939 606 575 184 252 379 955 457 940 64 608 736 652 674 210 286 525 815 924 980 413 722 590 680 589 943 797 202 1 70 17 270 825 177 30 182 462 617 743 972 630 799 250 693 902 890 804 67 639 966 347 318 236 675 277 945 255 14 262 439 685 536 695 526 964 401 767 463 689 302 479 729 261 258 436 541 956 679 924 469 375 659 840 217 619 589 517 840 726 786 707 628 445 31 23 143 132 526 66 181 85 276 452 33 512 419 750 879 527 816 563 802 27 340 723 172 666 111 469 22 98 843 308 846 457 929 802 696 329 784 392 839 192 578 493 482 81 825 296 932 973 324 200 341 789 915 477 432 617 257 277 234 316 506 202 591 449 256 455 585 355 959 272 558 59 711 627 166 879 316 347 667 575 741 699 275 20 487 13 652 513 994 182 36 746 877 596 198 742 571 463 690 690 132 874 961 278 997 341 317 682 612 78 220 646 234 29 374 968 464 20 88 680 580 951 764 990 878 970 803 286 698 777 332 694 781 207 904 562 67 859 38 634 881 914 624 264 563 229 405 665 678 1 92 168 838 832 723 990 436 493 231 779 149 861 695 560 139 838 596 246 289 485 961 664 555 566 462 159 808 987 
118 354 320 424 198 819 542 541 493 876 734 483 156 723 532 163 549 753 443 6 80 129 143 525 73 881 224 453 882 838 869 977 535 604 754 59 453 323 904 536 354 123 480 133 321 5 336 871 489 593 243 41 355 117 938 672 943 713 959 286 587 939 412 737 991 274 60 141 742 413 183 365 338 754 385 388 944 200 925 571 700 936 844 69 438 439 47 519 1 398 825 960 340 861 882 152 685 502 146 824 400 297 619 222 957 259 914 996 560 476 790 558 903 905 222 842 915 816 636 842 695 984 766 842 614 517 127 376 524 914 294 699 867 561 764 970 613 508 969 853 272 489 969 682 881 981 505 95 703 225 955 664 232 926 654 734 840 833 851 791 26 69 486 863 166 100 802 778 640 374 96 806 697 734 768 5 443 333 237 502 21 472 594 210 933 738 713 209 604 98 270 822 680 343 764 867 794 394 437 998 735 769 437 769 243 285 89 920 685 767 730 637 36 774 611 336 262 259 479 430 528 464 839 437 974 432 254 456 751 386 85 670 681 454 162 292 909 205 182 650 806 700 327 788 899 259 716 177 178 465 456 411 845 595 680 259 515 231 221 678 892 454 529 401 8 915 349 767 944 981 509 596 680 964 294 605 794 615 310 190 634 579 76 369 442 940 536 377 992 574 402 621 123 52 187 872 714 337 487 148 268 247 799 910 201 687 6 598 507 826 761 191 998 275 
840 385 32 210 516 974 169 858 584 577 276 879 598 586 616 413 217 648 6 348 4 943 774 183 824 239 494 857 191 392 129 933 797 716 84 655 261 773 603 750 741 594 421 290 791 847 324 208 659 39 692 712 470 457 780 127 963 175 77 460 72 556 996 767 158 146 459 863 668 715 710 561 147 235 324 185 940 130 212 102 177 276 285 778 957 637 646 916 20 217 187 100 62 72 219 705 568 499 844 526 761 424 850 233 894 594 567 543 400 547 659 749 639 288 267 281 403 517 134 598 650 99 496 59 667 630 212 220 547 320 902 858 371 573 720 245 550 326 477 58 865 552 273 140 927 818 526 23 662 592 851 957 764 190 732 783 973 405 825 160 606 199 256 348 811 664 190 558 107 695 158 731 481 923 958 549 79 28 79 442 472 862 53 929 99 531 496 161 381 494 600 325 211 585 60 492 138 915 878 188 941 773 289 210 102 562 106 638 415 909 724 195 103 408 228 409 335 944 58 169 796 23 59 507 200 663 113 906 806 989 494 175 699 784 248 63 577 311 21 200 729 21 775 962 860 732 361 222 288 775 180 535 743 497 801 601 446 624 55 902 631 646 40 999 799 912 531 354 314 985 343 731 940 836 14 486 735 267 282 536 102 998 908 994 177 300 858 809 653 707 559 224 679 710 299 315 79 877 712 218 936 24 545 543 127 387 819 385 63 486 240 367 745 263 
64 402 169 743 422 168 609 10 302 721 769 203 61 950 997 395 376 455 80 4 280 721 557 642 56 818 798 619 698 228 924 810 598 549 344 56 841 410 751 177 202 499 294 748 748 693 96 524 545 736 561 387 140 537 364 380 489 403 676 457 545 390 410 664 480 348 140 437 238 580 764 428 949 575 99 876 420 592 48 317 926 955 617 885 214 103 274 535 588 912 893 806 918 884 814 828 839 825 462 80 129 760 847 888 697 564 870 666 514 892 938 627 320 897 809 269 78 748 274 340 65 410 865 906 458 927 313 422 652 997 732 882 243 432 174 813 206 161 504 647 255 880 600 479 480 49 123 220 549 944 890 835 807 833 55 332 212 327 555 132 382 896 510 602 187 970 481 325 37 455 889 898 755 957 744 289 821 668 549 498 35 114 387 443 143 868 632 964 365 683 939 97 174 913 222 833 946 223 418 445 61 806 96 164 204 835 691 136 919 426 496 53 799 908 189 852 568 924 196 635 356 268 723 170 740 841 506 574 999 550 39 215 799 350 110 356 605 721 416 644 399 378 300 1000 849 844 72 751 98 9 203 865 681 530 833 970 391 216 19 577 587 936 233 267 770 342 715 363 347 984 425 486 197 614 488 720 594 514 123 403 998 235 156 205 173 973 133 518 855 54 553 155 829 565 375 792 990 431 455 464 785 872 564 262 376 524 205 216 105 999 167 761 971 465 
812 5 524 827 15 44 459 253 56 415 578 967 689 157 548 550 812 711 129 943 721 146 386 334 597 905 961 14 339 726 107 594 576 187 953 345 27 929 310 41 653 924 183 983 989 585 86 618 74 134 704 467 150 741 162 351 624 301 877 806 827 131 556 791 962 502 105 78 129 693 936 888 110 334 416 91 881 642 792 646 68 963 335 633 76 828 111 45 583 810 768 106 936 346 762 275 436 60 188 529 948 577 548 571 331 797 724 140 434 169 674 258 854 351 195 220 871 846 546 325 946 818 427 971 666 75 83 991 301 621 272 16 219 173 201 858 427 339 301 394 360 886 660 382 15 484 517 499 6 341 308 770 976 19 807 593 183 390 144 338 166 363 717 19 198 544 952 156 863 662 985 228 402 624 502 537 1000 97 453 806 106 231 563 34 153 999 906 412 162 914 256 445 135 916 133 843 622 571 281 322 647 335 369 562 833 65 808 947 80 821 498 207 530 229 696 893 831 572 501 851 521 561 989 512 999 482 31 104 595 830 444 468 522 454 612 814 108 919 929 510 384 225 150 980 175 39 571 285 655 291 799 966 301 337 142 618 663 331 90 625 84 25 505 537 392 131 636 326 596 899 619 904 408 621 399 285 361 237 115 112 604 555 170 414 709 227 386 764 870 152 279 159 274 404 687 649 51 158 383 786 697 525 828 169 887 641 854 579 255 79 50 590 564 422 
281 378 84 524 702 692 255 810 61 530 220 881 735 194 461 516 402 356 143 774 557 386 676 956 797 385 75 764 598 797 816 591 925 444 614 143 193 304 347 26 84 91 659 326 79 517 353 669 722 29 438 418 891 19 422 968 195 228 789 912 880 224 765 594 869 284 218 18 115 455 223 989 400 508 822 966 53 173 179 705 291 292 456 189 68 977 127 489 637 530 904 167 629 637 911 710 759 625 680 72 751 270 782 748 961 316 454 304 797 851 501 886 773 549 25 834 776 796 494 623 173 482 315 977 533 190 668 108 682 762 130 961 973 6 671 769 968 858 395 164 631 47 569 124 25 517 953 386 213 339 819 570 242 36 47 308 326 16 823 587 118 976 829 699 166 127 915 363 795 223 788 107 636 994 244 323 934 566 126 595 965 663 95 363 708 481 371 530 290 205 790 530 220 642 531 384 272 112 105 658 884 890 41 915 379 235 432 652 844 840 403 743 495 967 521 441 283 249 304 218 672 517 737 804 379 273 668 159 61 33 594 87 538 236 251 566 340 667 37 886 747 746 566 981 35 491 538 532 184 419 493 124 40 511 777 470 346 93 847 560 317 899 917 48 509 108 858 804 103 113 386 217 548 852 751 373 473 701 554 852 554 367 947 128 82 267 693 994 196 844 972 323 494 157 754 487 958 403 140 715 548 598 191 293 342 607 407 704 922 554 760 290 961 38 
232 253 980 320 901 857 302 95 587 668 310 117 357 700 721 494 191 31 525 183 642 334 956 348 892 409 60 94 200 136 637 232 588 242 597 801 699 485 350 552 976 522 101 133 548 289 914 904 545 721 720 239 398 692 830 519 86 28 269 385 918 686 315 116 308 493 377 207 28 416 613 703 943 722 843 159 401 915 240 418 736 37 257 536 306 649 753 177 857 639 61 70 485 725 474 965 265 706 797 23 998 297 357 942 421 182 483 154 774 785 324 954 107 273 31 962 678 984 616 13 972 403 483 956 454 220 293 811 122 409 210 504 233 393 365 645 349 287 77 943 934 836 383 469 90 699 121 342 996 603 883 960 967 39 112 220 160 724 306 180 815 804 703 842 342 967 758 485 900 973 467 549 486 259 784 325 94 627 672 35 355 919 148 924 787 492 636 373 683 325 994 530 49 104 597 670 268 540 184 165 916 679 3 612 112 151 704 713 14 594 459 49 52 670 929 512 831 577 886 143 967 310 580 893 183 48 332 939 323 16 546 534 788 318 509 53 987 247 391 305 338 560 939 313 542 720 26 149 220 559 423 50 85 583 849 683 962 770 963 425 76 402 125 622 493 153 402 23 207 804 516 830 731 484 743 18 169 101 552 578 680 118 566 679 124 170 177 206 169 78 283 537 542 10 376 991 246 305 418 875 285 102 440 39 528 743 408 428 54 892 515 975 45 301 
953 980 815 76 539 328 1 49 130 752 214 301 938 569 676 682 462 77 73 824 56 597 797 892 23 780 333 986 507 200 783 656 943 929 854 847 869 331 996 744 592 104 665 72 866 240 774 97 47 192 808 322 602 398 126 840 98 617 961 211 927 470 18 769 207 862 90 343 913 292 858 651 77 46 136 228 90 780 216 55 717 247 780 106 566 408 658 70 19 821 97 351 199 930 733 77 778 228 61 11 128 281 782 940 138 461 999 301 270 954 335 656 549 74 291 942 877 99 815 492 395 110 797 831 979 173 217 644 736 322 822 162 259 611 448 181 502 919 966 665 534 987 442 949 408 201 908 742 337 181 776 456 474 46 749 116 410 662 893 262 969 48 381 374 939 232 152 196 408 579 254 329 674 654 625 460 751 892 167 274 112 64 650 19 264 532 394 444 406 165 673 491 901 638 890 294 110 458 142 107 874 233 381 598 266 395 476 774 208 955 925 129 699 35 838 589 261 392 347 16 214 170 685 467 684 157 766 290 757 624 899 368 114 417 989 254 933 427 515 644 388 319 84 141 811 158 829 198 641 251 663 425 2 462 162 245 854 772 256 418 329 739 702 349 738 452 869 298 701 172 79 188 532 71 254 885 566 226 782 846 916 499 729 301 658 856 935 75 290 867 488 229 624 985 751 904 936 712 853 986 257 216 351 311 166 35 10 721 221 30 561 5 430 178 
935 617 606 606 17 680 468 243 183 773 774 677 33 269 562 482 968 686 881 239 818 905 385 409 780 580 36 941 171 115 911 990 897 436 764 398 908 808 975 613 17 564 194 360 212 726 745 199 960 624 652 724 49 220 742 274 421 758 220 339 247 438 452 631 85 998 113 262 466 674 45 281 772 878 520 258 781 63 433 784 564 870 472 764 351 28 241 595 958 646 23 630 711 614 520 495 929 623 684 18 148 528 664 624 18 713 798 617 849 481 467 399 103 983 78 400 361 882 998 327 649 587 549 156 140 988 835 158 723 375 115 882 874 2 360 98 715 710 770 475 114 572 641 134 217 956 966 208 759 608 908 255 56 85 846 215 324 271 622 12 501 974 960 742 132 519 294 767 304 196 526 106 118 433 578 404 914 804 406 340 657 870 899 441 618 933 171 398 73 976 336 377 990 69 875 199 170 711 825 343 503 835 922 837 679 863 927 921 923 912 640 797 255 834 124 895 79 162 411 561 98 61 553 542 270 347 42 371 957 226 561 922 898 596 5 540 148 783 391 269 186 70 996 1 498 430 614 520 447 548 742 472 135 208 698 641 428 41 439 476 531 769 159 864 199 630 511 831 765 200 314 16 57 825 920 146 408 706 777 852 882 420 589 619 512 857 466 860 362 341 114 864 38 603 442 370 600 778 520 950 690 626 873 754 182 510 334 230 299 549 54 171 961 1 
964 68 8 34 1 74 592 855 538 678 889 711 678 778 795 606 303 582 224 494 798 961 75 60 333 36 795 743 552 146 893 857 958 436 535 502 927 935 717 408 287 542 567 603 986 391 10 55 733 104 465 870 294 957 575 809 532 592 638 516 250 447 421 315 828 475 177 239 309 638 993 138 249 266 422 621 256 491 18 858 453 96 733 111 243 582 19 626 197 204 192 694 328 685 142 72 309 795 651 380 862 410 661 514 105 523 895 298 922 788 551 528 791 326 892 684 652 800 210 578 765 735 791 787 210 410 858 775 977 781 310 820 675 925 937 561 281 504 98 450 120 624 499 425 756 235 495 172 561 261 421 8 556 859 796 523 295 287 247 945 431 386 72 280 900 30 622 623 79 192 343 327 601 513 644 909 932 813 535 808 858 236 828 870 481 166 479 584 312 133 206 622 792 704 10 344 177 716 970 636 715 13 638 951 694 637 395 75 831 717 402 671 791 268 935 529 845 906 520 944 349 562 128 870 588 248 845 268 521 537 510 7 599 565 575 395 799 501 441 868 852 380 617 339 767 911 766 276 624 93 199 683 670 727 467 888 714 290 599 323 125 875 234 121 201 274 58 891 507 201 404 119 476 208 180 386 315 371 57 269 802 17 516 563 50 429 560 285 628 975 25 302 405 220 862 217 338 586 959 102 27 466 413 358 990 2 604 37 666 714 680 669 186 580 
371 246 573 72 902 747 194 422 392 438 920 303 678 545 722 230 471 360 453 857 619 14 764 94 986 941 743 810 243 430 341 204 979 263 224 682 725 696 939 453 841 604 459 272 620 72 102 364 867 109 78 225 375 60 679 927 61 377 422 31 662 913 982 568 879 772 653 509 287 760 815 753 506 262 610 217 708 790 768 404 83 651 808 828 57 597 302 205 623 470 263 785 150 173 18 148 131 642 546 333 309 605 482 938 614 964 347 744 704 601 311 179 546 208 118 221 144 753 281 208 374 187 462 544 515 48 544 71 6 835 279 778 608 569 326 471 662 246 982 860 890 199 29 771 857 875 464 194 523 311 455 903 120 944 587 812 709 508 336 11 401 766 972 371 111 675 762 391 666 660 315 900 624 778 458 402 872 412 910 508 827 343 794 433 518 845 558 701 396 687 274 846 492 27 681 210 52 995 286 820 354 510 970 713 700 137 100 18 519 122 321 235 320 481 209 231 800 186 375 362 1000 771 535 617 927 586 591 141 389 369 506 300 358 804 907 931 908 260 84 553 62 127 15 566 626 421 284 593 429 31 78 173 737 191 13 492 785 667 204 269 76 605 102 912 406 150 759 10 89 818 891 512 61 939 962 319 384 803 771 647 759 557 172 540 38 347 517 879 700 486 770 530 639 127 410 7 441 709 412 573 626 517 471 542 187 732 736 348 212 555 175 305 828 322 
86 218 681 565 4 368 834 506 39 596 890 734 838 417 568 167 758 877 882 191 698 339 598 200 507 171 552 243 907 485 108 883 87 206 495 138 341 457 714 193 540 333 239 932 116 257 352 985 194 606 203 600 56 349 241 412 32 3 681 325 466 880 438 922 49 953 827 647 331 959 479 813 968 352 886 229 62 203 530 28 393 643 864 301 900 629 100 851 590 669 378 717 730 51 890 602 476 78 103 454 82 283 123 94 680 247 775 888 225 689 474 72 520 845 481 891 554 622 395 965 896 527 905 391 964 437 63 466 784 653 307 159 603 236 615 178 189 450 618 108 541 586 23 804 936 270 189 914 202 26 422 621 831 601 205 682 855 95 358 106 52 629 654 937 493 83 275 252 678 721 214 890 387 743 154 16 448 604 837 403 98 583 845 616 890 690 559 15 404 969 559 275 752 111 482 740 904 192 430 650 963 43 644 610 395 415 850 181 432 48 714 293 301 430 583 888 914 947 703 173 114 306 97 692 173 235 580 945 501 75 217 972 149 649 459 754 947 683 385 723 97 818 897 160 320 62 5 389 814 988 396 180 953 860 942 782 146 673 247 392 420 123 92 283 124 147 412 573 838 419 277 897 835 185 757 334 854 216 119 126 390 93 703 501 83 300 628 88 400 744 241 192 388 329 471 526 446 168 807 808 762 631 863 295 253 127 140 932 436 444 532 972 900 925 
239 972 628 54 7 950 600 579 919 808 657 919 615 428 249 420 523 67 838 392 228 726 797 136 200 115 146 430 485 697 476 688 582 548 810 290 118 776 849 97 675 319 460 68 477 718 857 16 149 99 950 228 548 466 170 410 165 888 506 690 943 403 9 899 991 344 299 349 233 496 477 804 216 178 374 820 477 459 558 358 377 249 693 915 227 652 50 183 372 495 758 821 954 933 568 629 910 95 37 243 184 86 699 914 824 83 186 639 512 669 66 59 180 351 928 861 710 817 790 151 485 103 433 451 561 160 243 781 700 464 488 181 634 620 105 835 731 8 873 237 247 243 356 751 405 811 753 891 828 760 856 113 169 752 506 118 388 643 632 276 49 173 812 859 168 424 928 943 848 626 75 463 9 438 318 57 701 534 894 988 430 907 750 509 632 545 250 700 50 136 736 857 76 412 969 197 178 587 304 461 264 112 591 413 287 606 30 866 867 799 904 34 963 112 370 997 817 835 425 925 116 157 450 205 846 886 766 985 983 605 393 197 594 260 807 398 777 771 637 65 352 304 279 842 740 545 802 951 132 422 935 946 529 107 296 440 702 851 357 858 168 813 106 585 247 981 345 363 182 740 859 495 908 199 491 583 825 116 215 651 35 898 556 147 570 235 929 1 853 923 660 630 860 877 533 862 847 882 31 388 175 843 328 843 782 670 644 974 529 202 281 946 828 991 
678 960 308 295 546 340 619 667 547 881 971 847 662 167 428 736 142 498 869 129 924 107 816 637 783 911 893 341 108 476 422 894 627 630 72 380 189 46 792 379 303 307 514 341 874 412 142 872 751 636 542 556 760 667 767 979 243 214 863 711 744 13 234 654 440 760 169 576 422 673 764 737 478 416 59 403 326 121 624 581 834 199 791 29 462 39 384 821 798 560 921 723 88 186 21 234 329 547 527 833 485 145 117 127 157 70 500 183 432 215 374 816 258 406 625 99 361 955 523 319 945 872 438 419 295 468 247 458 823 181 404 71 857 899 36 325 180 685 20 697 743 127 583 302 405 377 565 69 274 511 216 842 621 909 63 969 338 139 73 567 944 238 981 355 10 914 712 132 276 54 436 247 123 817 156 936 869 903 235 910 576 626 517 300 665 792 252 188 523 904 387 23 246 951 100 4 153 811 233 483 20 152 155 3 868 419 668 127 481 952 857 899 771 852 789 495 245 880 372 740 761 323 156 92 928 319 841 330 868 369 8 953 724 252 138 35 130 520 720 602 665 549 914 366 307 486 493 690 977 813 215 554 836 227 388 109 262 382 555 821 629 393 261 641 700 657 784 737 414 422 503 985 397 277 331 261 73 607 856 957 653 856 30 556 292 992 628 826 89 797 986 341 595 997 455 432 76 816 197 485 231 565 849 69 469 393 679 507 355 120 283 145 202 169 
305 279 626 828 98 603 782 496 543 158 773 588 806 609 334 803 326 302 977 933 810 594 591 232 656 990 857 204 883 688 894 661 26 827 683 399 343 829 902 295 78 493 750 228 156 85 429 872 808 543 992 155 509 298 552 722 774 696 778 173 199 706 91 916 222 342 359 85 337 426 367 907 92 76 122 809 685 118 523 20 321 48 165 219 73 756 568 850 79 973 324 276 954 76 638 814 293 419 460 563 123 195 440 167 872 678 32 567 191 690 517 548 230 902 86 43 293 232 403 521 728 610 4 220 790 213 818 115 887 985 184 226 501 779 456 50 132 627 807 678 561 234 494 39 686 19 539 332 177 165 547 168 535 510 521 45 18 630 505 795 629 193 19 961 584 672 872 388 224 125 273 612 891 526 468 269 609 900 459 262 374 756 397 590 750 50 404 222 950 15 601 999 630 315 862 496 451 963 616 910 419 977 475 715 446 885 440 246 575 148 751 911 595 236 996 547 941 494 501 71 467 39 322 470 362 462 673 136 646 443 583 815 13 786 880 83 81 520 961 555 777 33 782 681 809 911 142 248 955 193 939 264 64 166 533 665 170 323 43 408 530 417 525 887 910 142 557 298 436 103 488 627 983 611 345 795 967 266 355 852 416 700 782 634 422 230 98 327 141 737 245 337 774 740 316 463 47 509 613 242 591 113 340 319 423 460 776 646 661 247 604 744 76 110 
