94 56
983 465 413 587 710 405 876 746 982 511 189 870 917 96 920 438 226 367 542 560 380 540 42 10 555 836 544 671 711 396 659 98 842 113 662 233 215 81 36 579 747 840 815 835 116 70 902 215 604 901 816 597 629 981 553 343 
465 264 50 242 113 891 655 955 33 131 368 239 578 915 653 610 916 557 870 190 80 53 764 701 536 14 640 723 961 704 914 27 143 968 141 28 80 676 761 241 775 960 774 983 607 620 812 759 230 755 534 242 97 309 688 405 
413 50 212 6 921 933 234 898 665 77 229 749 357 279 491 96 404 696 309 483 889 438 800 953 501 905 934 775 538 962 794 689 337 185 820 658 891 25 842 85 999 83 501 369 54 723 27 559 450 521 710 257 469 735 182 599 
587 242 6 246 674 894 214 755 987 814 533 752 988 599 815 251 41 237 476 308 961 180 343 890 962 319 452 460 1 234 280 711 580 859 929 212 547 347 881 160 129 526 101 192 590 771 155 957 121 894 57 389 557 177 983 541 
710 113 921 674 37 323 334 100 773 986 671 520 219 616 453 763 203 884 29 108 12 473 839 709 720 822 493 176 516 356 753 704 873 980 116 906 556 490 634 528 982 116 347 902 156 571 408 783 729 788 953 918 627 607 323 750 
405 891 933 894 323 438 791 474 872 229 21 304 786 739 177 917 839 65 543 801 747 727 123 958 743 539 305 694 566 559 617 846 674 53 708 79 335 79 441 610 976 664 307 624 910 994 958 220 809 628 940 889 127 890 667 48 
876 655 234 214 334 791 232 281 18 715 632 893 471 57 71 672 369 593 698 642 56 118 225 772 544 652 984 48 22 864 321 157 983 796 897 311 361 149 266 4 970 999 59 293 360 137 681 246 864 192 958 288 725 11 761 552 
746 955 898 755 100 474 281 868 967 750 125 78 829 271 159 504 987 881 558 780 200 674 380 988 332 215 151 773 525 811 345 926 981 483 470 63 228 524 204 631 476 851 480 12 677 507 169 147 316 686 254 362 89 295 931 420 
982 33 665 987 773 872 18 967 242 673 900 581 407 374 515 238 813 52 385 943 564 78 635 553 687 419 906 490 256 443 550 106 143 414 39 747 77 336 9 509 91 186 699 111 618 270 576 868 969 313 823 272 166 849 224 777 
511 131 77 814 986 229 715 750 673 749 360 82 135 770 561 318 608 30 94 718 830 884 328 634 901 799 37 742 694 928 957 20 625 285 574 8 787 408 321 427 794 681 912 273 492 397 942 357 173 541 690 640 982 831 83 283 
189 368 229 533 671 21 632 125 900 360 917 329 624 81 178 869 399 391 629 685 170 310 310 504 975 135 449 374 191 551 578 32 637 785 795 501 972 318 300 456 964 333 427 519 753 520 33 211 971 671 778 425 425 463 665 722 
870 239 749 752 520 304 893 78 581 82 329 392 636 744 105 240 417 432 853 719 866 891 335 101 258 948 44 991 918 184 940 82 189 856 825 697 63 927 859 604 700 277 35 499 118 86 799 387 487 820 374 520 242 113 857 14 
917 578 357 988 219 786 471 829 407 135 624 636 526 147 790 331 563 139 469 459 310 623 600 583 771 300 547 873 899 41 921 611 204 24 180 954 543 917 427 230 525 273 524 285 401 87 618 846 448 672 445 522 745 979 697 577 
96 915 279 599 616 739 57 271 374 770 81 744 147 543 407 277 622 899 753 616 334 781 643 619 119 47 209 279 619 774 767 27 645 686 665 343 154 11 148 897 321 901 112 172 852 449 722 152 635 375 177 69 54 96 861 683 
920 653 491 815 453 177 71 159 515 561 178 105 790 407 171 297 820 214 284 903 349 316 511 4 43 802 371 701 720 304 199 413 594 666 767 670 993 797 683 99 934 185 195 439 592 404 612 636 931 787 249 526 255 415 143 405 
438 610 96 251 763 917 672 504 238 318 869 240 331 277 297 898 504 935 900 863 757 400 942 950 626 100 604 961 847 225 60 368 556 676 12 508 54 399 456 465 45 97 203 334 801 636 315 469 711 95 319 194 504 827 107 623 
226 916 404 41 203 839 369 987 813 608 399 417 563 622 820 504 825 980 110 850 133 682 696 620 737 547 42 275 859 755 100 106 455 934 336 516 835 127 453 411 321 658 271 721 94 377 700 439 355 378 907 613 96 875 530 544 
367 557 696 237 884 65 593 881 52 30 391 432 139 899 214 935 980 217 954 334 31 515 430 99 2 530 202 745 338 175 923 401 695 266 684 553 749 785 702 317 289 543 447 100 705 654 437 446 600 757 704 474 857 178 610 645 
542 870 309 476 29 543 698 558 385 94 629 853 469 753 284 900 110 954 59 988 241 115 405 79 643 875 310 466 494 858 904 434 180 364 987 979 248 577 903 416 287 484 336 836 880 744 650 667 958 220 705 626 383 742 734 429 
560 190 483 308 108 801 642 780 943 718 685 719 459 616 903 863 850 334 988 913 622 975 457 397 21 328 190 31 227 159 138 168 540 166 970 457 366 645 748 447 79 461 367 211 608 913 440 130 829 18 668 562 488 478 272 249 
380 80 889 961 12 747 56 200 564 830 170 866 310 334 349 757 133 31 241 622 579 776 104 386 448 617 32 261 40 665 871 489 446 317 525 270 152 783 169 427 318 367 567 212 747 405 605 572 163 820 747 1 119 754 329 131 
540 53 438 180 473 727 118 674 78 884 310 891 623 781 316 400 682 515 115 975 776 12 793 133 88 92 410 308 940 393 652 47 857 33 199 636 881 91 605 31 152 803 556 827 867 747 943 761 431 201 183 658 408 878 101 440 
42 764 800 343 839 123 225 380 635 328 310 335 600 643 511 942 696 430 405 457 104 793 253 864 994 737 279 805 857 281 813 50 129 798 535 108 235 917 704 287 987 657 276 908 283 491 732 14 420 341 284 82 779 370 468 250 
10 701 953 890 709 958 772 988 553 634 504 101 583 619 4 950 620 99 79 397 386 133 864 714 360 147 354 701 47 667 629 606 836 812 710 483 229 354 205 966 340 801 444 160 695 502 744 88 341 529 326 863 590 208 78 30 
555 536 501 962 720 743 544 332 687 901 975 258 771 119 43 626 737 2 643 21 448 88 994 360 392 51 334 773 480 180 850 459 163 225 336 316 869 827 120 476 174 595 844 719 516 92 900 652 791 698 56 352 386 637 76 328 
836 14 905 319 822 539 652 215 419 799 135 948 300 47 802 100 547 530 875 328 617 92 737 147 51 430 26 438 61 591 861 126 158 925 887 770 307 551 218 171 429 756 639 921 708 654 419 28 784 558 17 724 18 404 192 787 
544 640 934 452 493 305 984 151 906 37 449 44 547 209 371 604 42 202 310 190 32 410 279 354 334 26 697 953 99 380 171 612 593 194 997 89 558 17 493 991 600 119 615 874 154 137 65 264 956 235 816 285 721 936 266 321 
671 723 775 460 176 694 48 773 490 742 374 991 873 279 701 961 275 745 466 31 261 308 805 701 773 438 953 817 634 270 820 968 210 592 156 942 195 17 985 862 732 47 274 747 890 913 146 86 750 109 584 427 816 714 277 71 
711 961 538 1 516 566 22 525 256 694 191 918 899 619 720 847 859 338 494 227 40 940 857 47 480 61 99 634 347 629 69 335 568 66 737 414 90 649 942 352 45 19 455 947 637 340 420 937 79 658 758 755 133 473 33 207 
396 704 962 234 356 559 864 811 443 928 551 184 41 774 304 225 755 175 858 159 665 393 281 667 180 591 380 270 629 988 8 931 628 534 322 287 376 146 212 811 160 744 132 461 506 665 170 339 282 935 512 988 46 169 542 864 
659 914 794 280 753 617 321 345 550 957 578 940 921 767 199 60 100 923 904 138 871 652 813 629 850 861 171 820 69 8 611 132 683 231 972 411 680 995 108 383 435 183 883 626 276 956 552 391 150 857 476 333 541 327 350 249 
98 27 689 711 704 846 157 926 106 20 32 82 611 27 413 368 106 401 434 168 489 47 50 606 459 126 612 968 335 931 132 880 972 94 854 976 664 876 91 318 230 84 663 763 649 480 879 393 963 493 193 920 628 778 764 524 
842 143 337 580 873 674 983 981 143 625 637 189 204 645 594 556 455 695 180 540 446 857 129 836 163 158 593 210 568 628 683 972 198 736 571 423 311 669 78 225 842 286 991 283 195 365 742 796 879 629 790 41 69 955 252 69 
113 968 185 859 980 53 796 483 414 285 785 856 24 686 666 676 934 266 364 166 317 33 798 812 225 925 194 592 66 534 231 94 736 215 72 518 876 903 927 349 746 866 376 377 733 238 47 422 772 686 877 793 188 684 636 337 
662 141 820 929 116 708 897 470 39 574 795 825 180 665 767 12 336 684 987 970 525 199 535 710 336 887 997 156 737 322 972 854 571 72 259 430 545 679 690 157 315 774 325 34 693 562 542 16 155 259 792 438 100 272 119 16 
233 28 658 212 906 79 311 63 747 8 501 697 954 343 670 508 516 553 979 457 270 636 108 483 316 770 89 942 414 287 411 976 423 518 430 959 511 182 628 202 488 543 83 13 96 403 938 438 729 464 567 284 77 458 390 269 
215 80 891 547 556 335 361 228 77 787 972 63 543 154 993 54 835 749 248 366 152 881 235 229 869 307 558 195 90 376 680 664 311 876 545 511 188 165 385 961 244 417 603 702 171 516 816 310 560 4 992 647 46 806 925 47 
81 676 25 347 490 79 149 524 336 408 318 927 917 11 797 399 127 785 577 645 783 91 917 354 827 551 17 17 649 146 995 876 669 903 679 182 165 351 561 958 574 975 523 129 371 255 850 88 611 39 591 33 151 381 676 265 
36 761 842 881 634 441 266 204 9 321 300 859 427 148 683 456 453 702 903 748 169 605 704 205 120 218 493 985 942 212 108 91 78 927 690 628 385 561 277 747 140 837 129 153 664 840 887 999 721 458 403 535 295 710 256 447 
579 241 85 160 528 610 4 631 509 427 456 604 230 897 99 465 411 317 416 447 427 31 287 966 476 171 991 862 352 811 383 318 225 349 157 202 961 958 747 370 864 697 740 928 290 827 471 960 643 409 842 706 82 673 13 200 
747 775 999 129 982 976 970 476 91 794 964 700 525 321 934 45 321 289 287 79 318 152 987 340 174 429 600 732 45 160 435 230 842 746 315 488 244 574 140 864 678 926 121 457 209 984 613 988 237 664 246 973 959 590 8 21 
840 960 83 526 116 664 999 851 186 681 333 277 273 901 185 97 658 543 484 461 367 803 657 801 595 756 119 47 19 744 183 84 286 866 774 543 417 975 837 697 926 707 895 676 194 831 889 252 327 429 692 404 5 319 26 311 
815 774 501 101 347 307 59 480 699 912 427 35 524 112 195 203 271 447 336 367 567 556 276 444 844 639 615 274 455 132 883 663 991 376 325 83 603 523 129 740 121 895 581 268 784 383 42 116 291 360 315 863 828 563 417 755 
835 983 369 192 902 624 293 12 111 273 519 499 285 172 439 334 721 100 836 211 212 827 908 160 719 921 874 747 947 461 626 763 283 377 34 13 702 129 153 928 457 676 268 186 471 989 286 245 683 898 606 731 664 305 571 708 
116 607 54 590 156 910 360 677 618 492 753 118 401 852 592 801 94 705 880 608 747 867 283 695 516 708 154 890 637 506 276 649 195 733 693 96 171 371 664 290 209 194 784 471 970 891 677 306 156 437 366 669 819 565 969 983 
70 620 723 771 571 994 137 507 270 397 520 86 87 449 404 636 377 654 744 913 405 747 491 502 92 654 137 913 340 665 956 480 365 238 562 403 516 255 840 827 984 831 383 989 891 213 996 570 678 541 814 935 882 521 771 167 
902 812 27 155 408 958 681 169 576 942 33 799 618 722 612 315 700 437 650 440 605 943 732 744 900 419 65 146 420 170 552 879 742 47 542 938 816 850 887 471 613 889 42 286 677 996 656 994 472 436 153 298 796 876 730 270 
215 759 559 957 783 220 246 147 868 357 211 387 846 152 636 469 439 446 667 130 572 761 14 88 652 28 264 86 937 339 391 393 796 422 16 438 310 88 999 960 988 252 116 245 306 570 994 316 234 268 598 285 513 249 692 646 
604 230 450 121 729 809 864 316 969 173 971 487 448 635 931 711 355 600 958 829 163 431 420 341 791 784 956 750 79 282 150 963 879 772 155 729 560 611 721 643 237 327 291 683 156 678 472 234 907 47 217 441 601 884 399 132 
901 755 521 894 788 628 192 686 313 541 671 820 672 375 787 95 378 757 220 18 820 201 341 529 698 558 235 109 658 935 857 493 629 686 259 464 4 39 458 409 664 429 360 898 437 541 436 268 47 378 856 151 313 351 746 345 
816 534 710 57 953 940 958 254 823 690 778 374 445 177 249 319 907 704 705 668 747 183 284 326 56 17 816 584 758 512 476 193 790 877 792 567 992 591 403 842 246 692 315 606 366 814 153 598 217 856 594 212 704 406 249 790 
597 242 257 389 918 889 288 362 272 640 425 520 522 69 526 194 613 474 626 562 1 658 82 863 352 724 285 427 755 988 333 920 41 793 438 284 647 33 535 706 973 404 863 731 669 935 298 285 441 151 212 355 428 515 208 474 
629 97 469 557 627 127 725 89 166 982 425 242 745 54 255 504 96 857 383 488 119 408 779 590 386 18 721 816 133 46 541 628 69 188 100 77 46 151 295 82 959 5 828 664 819 882 796 513 601 313 704 428 510 813 88 792 
981 309 735 177 607 890 11 295 849 831 463 113 979 96 415 827 875 178 742 478 754 878 370 208 637 404 936 714 473 169 327 778 955 684 272 458 806 381 710 673 590 319 563 305 565 521 876 249 884 351 406 515 813 550 941 926 
553 688 182 983 323 667 761 931 224 83 665 857 697 861 143 107 530 610 734 272 329 101 468 78 76 192 266 277 33 542 350 764 252 636 119 390 925 676 256 13 8 26 417 571 969 771 730 692 399 746 249 208 88 941 790 812 
343 405 599 541 750 48 552 420 777 283 722 14 577 683 405 623 544 645 429 249 131 440 250 30 328 787 321 71 207 864 249 524 69 337 16 269 47 265 447 200 21 311 755 708 983 167 270 646 132 345 790 474 792 926 812 164 
